1 0.9110576923076923 0.7463942307692307 0.15144230769230768 0.3173076923076923
0 0.6225961538461539 0.0733173076923077 0.04567307692307690 0.07211538461538461
1 0.7259615384615384 0.078125 0.0673076923076923 0.07451923076923077
1 0.9807692307692307 0.07091346153846154 0.03365384615384615 0.04567307692307692
1 0.7764423076923077 0.19951923076923078 0.06009615384615385 0.08653846153846154
1 0.6875 0.20072115384615385 0.07932692307692307 0.10817307692307693
0 0.44350961538461536 0.19951923076923078 0.04807692307692308 0.07451923076923077
0 0.47475961538461536 0.25841346153846156 0.06971153846153846 0.0889423076923077
1 0.35216346153846156 0.125 0.0673076923076923 0.10096153846153846
1 0.2091346153846154 0.1622596153846154 0.05048076923076923 0.08653846153846154
1 0.22716346153846154 0.4495192307692308 0.09134615384615384 0.11298076923076923
1 0.08653846153846154 0.3088942307692308 0.07211538461538461 0.09134615384615384
1 0.5132211538461539 0.4170673076923077 0.08173076923076923 0.1201923076923077