1 0.16466346153846154 0.4074519230769231 0.1201923076923077 0.1201923076923077
1 0.3389423076923077 0.3245192307692308 0.08413461538461539 0.13701923076923078
1 0.40384615384615385 0.32091346153846156 0.08413461538461539 0.12259615384615384
1 0.4795673076923077 0.2860576923076923 0.08173076923076923 0.11538461538461539
1 0.5841346153846154 0.30288461538461536 0.07211538461538461 0.11057692307692307
1 0.6274038461538461 0.29086538461538464 0.04326923076923077 0.10336538461538461
1 0.6610576923076923 0.30528846153846156 0.04326923076923077 0.0889423076923077
1 0.7247596153846154 0.22355769230769230 0.06490384615384616 0.09615384615384616
1 0.765625 0.27403846153846156 0.0625 0.08653846153846154
1 0.9038461538461539 0.30528846153846156 0.038461538461538464 0.06009615384615385
1 0.9879807692307693 0.2848557692307690 0.019230769230769230 0.07451923076923077