1 0.3737980769230769 0.6790865384615384 0.07932692307692307 0.19230769230769232
1 0.08653846153846154 0.6586538461538461 0.09615384615384616 0.1658653846153846
1 0.1875 0.75 0.07692307692307693 0.15144230769230768
1 0.3894230769230769 0.5180288461538461 0.07451923076923077 0.15144230769230768
1 0.4543269230769231 0.6514423076923077 0.06971153846153846 0.1346153846153846
1 0.6177884615384616 0.7079326923076923 0.10817307692307693 0.16105769230769232
1 0.25600961538461536 0.7019230769230769 0.04807692307692308 0.11778846153846154
0 0.640625 0.5012019230769231 0.1201923076923077 0.22355769230769232
0 0.7644230769230769 0.5504807692307693 0.08413461538461539 0.1658653846153846
0 0.9639423076923077 0.625 0.0625 0.125
0 0.984375 0.6286057692307693 0.026442307692307690 0.15144230769230768