0 0.9266826923076923 0.30649038461538464 0.07692307692307693 0.11538461538461539
1 0.8004807692307693 0.2439903846153846 0.05048076923076923 0.07451923076923077
1 0.7620192307692307 0.24158653846153846 0.038461538461538464 0.055288461538461536
1 0.6959134615384616 0.21153846153846154 0.040865384615384616 0.0673076923076923
1 0.796875 0.44471153846153844 0.07932692307692307 0.11298076923076923
1 0.6838942307692307 0.5504807692307693 0.11538461538461539 0.17307692307692307
1 0.6454326923076923 0.22115384615384615 0.028846153846153848 0.05048076923076923
1 0.6177884615384616 0.25240384615384615 0.040865384615384616 0.057692307692307696
1 0.5432692307692307 0.3004807692307690 0.06009615384615385 0.11057692307692307
1 0.4891826923076923 0.21153846153846154 0.04326923076923077 0.07451923076923077
1 0.3389423076923077 0.41225961538461536 0.10336538461538461 0.14423076923076922
1 0.0889423076923077 0.8137019230769231 0.1778846153846154 0.2668269230769231
1 0.25961538461538464 0.25 0.0673076923076923 0.09615384615384616