1 0.7295673076923077 0.11538461538461539 0.30528846153846156 0.1875
1 0.42908653846153844 0.30408653846153844 0.0625 0.040865384615384616
1 0.41947115384615385 0.3870192307692308 0.08173076923076923 0.04807692307692308
1 0.3112980769230769 0.5048076923076923 0.0673076923076923 0.040865384615384616
1 0.484375 0.1201923076923077 0.03365384615384615 0.021634615384615384
1 0.3798076923076923 0.41466346153846156 0.028846153846153848 0.016826923076923076
1 0.36899038461538464 0.46153846153846156 0.038461538461538464 0.026442307692307692
1 0.31490384615384615 0.6033653846153846 0.02403846153846154 0.02403846153846154
1 0.3173076923076923 0.6670673076923077 0.057692307692307696 0.038461538461538464
1 0.22235576923076920 0.8485576923076923 0.35336538461538464 0.23557692307692307
0 0.26322115384615385 0.6838942307692307 0.038461538461538464 0.021634615384615384
1 0.45913461538461536 0.20072115384615385 0.038461538461538464 0.016826923076923076