0 0.13701923076923078 0.27524038461538464 0.07451923076923077 0.13942307692307693
0 0.19230769230769230 0.4026442307692308 0.06971153846153846 0.11057692307692307
0 0.18509615384615385 0.5757211538461539 0.07692307692307693 0.14423076923076922
0 0.2644230769230769 0.2548076923076923 0.06971153846153846 0.13942307692307693
0 0.3329326923076923 0.5360576923076923 0.08653846153846154 0.16826923076923078
1 0.43990384615384615 0.5745192307692307 0.10576923076923077 0.19951923076923078
0 0.5528846153846154 0.3088942307692308 0.06490384615384616 0.13701923076923078
0 0.59375 0.671875 0.09375 0.16346153846153846
0 0.6201923076923077 0.5036057692307693 0.07451923076923077 0.13942307692307693
1 0.8713942307692307 0.6670673076923077 0.09375 0.19230769230769232
0 0.9675480769230769 0.3870192307692308 0.06009615384615385 0.125
0 0.7163461538461539 0.16706730769230768 0.0625 0.10817307692307693
0 0.8990384615384616 0.22956730769230768 0.04807692307692308 0.08413461538461539
0 0.49759615384615385 0.27524038461538464 0.0625 0.10096153846153846