1 0.25841346153846156 0.7764423076923077 0.12740384615384615 0.17067307692307693
0 0.17668269230769230 0.5865384615384616 0.0985576923076923 0.12740384615384615
0 0.5637019230769231 0.5456730769230769 0.0985576923076923 0.12740384615384615
1 0.515625 0.6947115384615384 0.12740384615384615 0.16346153846153846
1 0.05889423076923077 0.6310096153846154 0.07451923076923077 0.09615384615384616
1 0.8317307692307693 0.5649038461538461 0.11057692307692307 0.1658653846153846
1 0.9182692307692307 0.42427884615384615 0.07211538461538461 0.10096153846153846
1 0.7475961538461539 0.5360576923076923 0.0625 0.10817307692307693
1 0.6514423076923077 0.5012019230769231 0.0673076923076923 0.08653846153846154
1 0.6045673076923077 0.46875 0.07692307692307693 0.11778846153846154
1 0.4795673076923077 0.4891826923076923 0.07692307692307693 0.10336538461538461
1 0.43149038461538464 0.4987980769230769 0.05048076923076923 0.07932692307692307
1 0.36899038461538464 0.41586538461538464 0.038461538461538464 0.0625
1 0.2512019230769231 0.4014423076923077 0.052884615384615384 0.06009615384615385
0 0.6959134615384616 0.4519230769230769 0.052884615384615384 0.07932692307692307
1 0.8557692307692307 0.3389423076923077 0.04326923076923077 0.0625
1 0.6033653846153846 0.3641826923076923 0.055288461538461536 0.07451923076923077
0 0.49759615384615385 0.33413461538461536 0.04326923076923077 0.057692307692307696
1 0.45072115384615385 0.32091346153846156 0.021634615384615384 0.040865384615384616
1 0.3245192307692308 0.3389423076923077 0.026442307692307690 0.036057692307692304
1 0.5420673076923077 0.32211538461538464 0.03125 0.04326923076923077
1 0.7043269230769231 0.25240384615384615 0.02403846153846154 0.03125
1 0.2932692307692308 0.40625 0.04326923076923077 0.052884615384615384
1 0.4098557692307690 0.4411057692307690 0.038461538461538464 0.0625
1 0.05889423076923077 0.3954326923076923 0.03125 0.04567307692307692
1 0.014423076923076924 0.3954326923076923 0.028846153846153848 0.05048076923076923
1 0.19471153846153846 0.4026442307692308 0.026442307692307690 0.036057692307692304
1 0.03245192307692308 0.3870192307692308 0.026442307692307690 0.040865384615384616