1 0.25721153846153844 0.8918269230769231 0.026442307692307690 0.0625
1 0.22956730769230768 0.8485576923076923 0.038461538461538464 0.0673076923076923
1 0.16466346153846154 0.3629807692307690 0.08413461538461539 0.14182692307692307
1 0.33653846153846156 0.47716346153846156 0.06490384615384616 0.125
1 0.41346153846153844 0.6887019230769231 0.057692307692307696 0.11298076923076923
1 0.3918269230769231 0.9663461538461539 0.019230769230769230 0.036057692307692304
1 0.4483173076923077 0.9495192307692307 0.019230769230769230 0.04567307692307692
1 0.5480769230769231 0.921875 0.028846153846153848 0.04807692307692308
1 0.5360576923076923 0.7524038461538461 0.055288461538461536 0.10817307692307693
1 0.5673076923076923 0.578125 0.06490384615384616 0.12259615384615384
1 0.6466346153846154 0.7584134615384616 0.06009615384615385 0.10817307692307693
0 0.7415865384615384 0.8798076923076923 0.028846153846153848 0.057692307692307696
1 0.8040865384615384 0.8485576923076923 0.036057692307692304 0.07692307692307693
1 0.7776442307692307 0.9591346153846154 0.028846153846153848 0.052884615384615384
1 0.8413461538461539 0.9675480769230769 0.03365384615384615 0.057692307692307696
1 0.8918269230769231 0.9435096153846154 0.03365384615384615 0.04567307692307692