1 0.46033653846153844 0.6153846153846154 0.12259615384615384 0.0625
1 0.2536057692307690 0.6105769230769231 0.07451923076923077 0.07932692307692307
1 0.6778846153846154 0.3605769230769231 0.15625 0.06490384615384616
1 0.53125 0.42427884615384615 0.13701923076923078 0.04326923076923077
1 0.2668269230769231 0.296875 0.04807692307692308 0.026442307692307692
0 0.23197115384615385 0.7271634615384616 0.052884615384615384 0.036057692307692304
0 0.22115384615384615 0.9074519230769231 0.036057692307692304 0.021634615384615384
0 0.21514423076923078 0.4831730769230769 0.057692307692307696 0.026442307692307692
0 0.20673076923076920 0.23677884615384615 0.057692307692307696 0.021634615384615384
0 0.39783653846153844 0.4206730769230769 0.06490384615384616 0.040865384615384616
1 0.35336538461538464 0.10336538461538461 0.038461538461538464 0.03125
0 0.38461538461538464 0.06129807692307690 0.07451923076923077 0.040865384615384616
0 0.5072115384615384 0.06129807692307690 0.10096153846153846 0.03125
0 0.37740384615384615 0.030048076923076924 0.052884615384615384 0.03125