0 0.84375 0.05889423076923077 0.06490384615384616 0.040865384615384616
0 0.8653846153846154 0.10817307692307693 0.07451923076923077 0.055288461538461536
0 0.8665865384615384 0.17067307692307693 0.057692307692307696 0.040865384615384616
0 0.8100961538461539 0.16826923076923078 0.07451923076923077 0.03365384615384615
0 0.6634615384615384 0.078125 0.06490384615384616 0.040865384615384616
1 0.5384615384615384 0.09254807692307693 0.10336538461538461 0.06971153846153846
0 0.4230769230769231 0.13341346153846154 0.11057692307692307 0.07211538461538461
0 0.078125 0.22956730769230768 0.10096153846153846 0.09615384615384616
0 0.9747596153846154 0.3401442307692308 0.04567307692307690 0.036057692307692304
0 0.8605769230769231 0.33774038461538464 0.07451923076923077 0.04567307692307692
0 0.8137019230769231 0.38341346153846156 0.07451923076923077 0.04326923076923077
0 0.7956730769230769 0.41586538461538464 0.07451923076923077 0.038461538461538464
0 0.6514423076923077 0.2776442307692308 0.07211538461538461 0.05048076923076923
1 0.4855769230769231 0.3293269230769231 0.09615384615384616 0.057692307692307696
1 0.4807692307692308 0.4098557692307690 0.09134615384615384 0.052884615384615384
0 0.7932692307692307 0.5324519230769231 0.0625 0.040865384615384616
0 0.7872596153846154 0.5673076923076923 0.0625 0.036057692307692304
1 0.7295673076923077 0.6141826923076923 0.0985576923076923 0.040865384615384616
0 0.8473557692307693 0.7175480769230769 0.09615384615384616 0.052884615384615384
0 0.8076923076923077 0.7944711538461539 0.0673076923076923 0.040865384615384616
1 0.7956730769230769 0.9230769230769231 0.09615384615384616 0.0625
1 0.6430288461538461 0.890625 0.11778846153846154 0.06490384615384616
0 0.9723557692307693 0.34134615384615385 0.04326923076923077 0.038461538461538464