1 0.9411057692307693 0.6802884615384616 0.052884615384615384 0.09134615384615384
1 0.8557692307692307 0.6442307692307693 0.057692307692307696 0.07692307692307693
1 0.7319711538461539 0.7403846153846154 0.036057692307692304 0.06009615384615385
1 0.6706730769230769 0.6862980769230769 0.06009615384615385 0.10336538461538461
1 0.6610576923076923 0.7475961538461539 0.036057692307692304 0.06490384615384616
1 0.6213942307692307 0.7115384615384616 0.04807692307692308 0.08173076923076923
1 0.5504807692307693 0.5204326923076923 0.06009615384615385 0.08653846153846154
1 0.5973557692307693 0.7367788461538461 0.021634615384615384 0.06009615384615385
1 0.5516826923076923 0.7235576923076923 0.036057692307692304 0.06490384615384616
1 0.5036057692307693 0.734375 0.036057692307692304 0.07211538461538461
1 0.46875 0.7319711538461539 0.052884615384615384 0.08653846153846154
1 0.41346153846153844 0.7103365384615384 0.04567307692307690 0.06971153846153846
1 0.37259615384615385 0.6887019230769231 0.04807692307692308 0.08173076923076923
1 0.3076923076923077 0.6742788461538461 0.0625 0.08653846153846154
1 0.3173076923076923 0.8100961538461539 0.03125 0.055288461538461536
1 0.2644230769230769 0.7764423076923077 0.040865384615384616 0.07211538461538461
0 0.22716346153846154 0.7800480769230769 0.040865384615384616 0.0673076923076923
1 0.19591346153846154 0.7932692307692307 0.02403846153846154 0.04567307692307692
1 0.15504807692307693 0.8076923076923077 0.04567307692307690 0.06971153846153846
1 0.09735576923076923 0.796875 0.057692307692307696 0.08173076923076923