0 0.15865384615384615 0.06850961538461539 0.04807692307692308 0.0673076923076923
0 0.040865384615384616 0.29447115384615385 0.04326923076923077 0.0673076923076923
0 0.1622596153846154 0.29447115384615385 0.04326923076923077 0.0673076923076923
0 0.04807692307692308 0.39783653846153844 0.038461538461538464 0.06009615384615385
0 0.1658653846153846 0.44711538461538464 0.04807692307692308 0.0673076923076923
0 0.052884615384615384 0.5336538461538461 0.04326923076923077 0.06490384615384616
0 0.15865384615384615 0.5396634615384616 0.036057692307692304 0.04326923076923077
0 0.1935096153846154 0.5949519230769231 0.036057692307692304 0.05048076923076923
0 0.05048076923076923 0.6814903846153846 0.038461538461538464 0.055288461538461536
0 0.07932692307692307 0.7319711538461539 0.03125 0.040865384615384616
0 0.1935096153846154 0.7223557692307693 0.038461538461538464 0.06009615384615385
0 0.09134615384615384 0.8581730769230769 0.03125 0.05048076923076923
0 0.18269230769230768 0.8473557692307693 0.038461538461538464 0.06009615384615385
0 0.19591346153846154 0.9158653846153846 0.036057692307692304 0.04567307692307692
0 0.36778846153846156 0.8689903846153846 0.021634615384615384 0.04326923076923077
1 0.4423076923076923 0.8882211538461539 0.021634615384615384 0.04567307692307692
1 0.4879807692307690 0.90625 0.026442307692307690 0.04326923076923077
0 0.4266826923076923 0.8545673076923077 0.03125 0.04567307692307692
0 0.4362980769230769 0.7980769230769231 0.03125 0.04567307692307692
1 0.421875 0.6971153846153846 0.03125 0.04326923076923077
0 0.46153846153846156 0.6490384615384616 0.021634615384615384 0.04567307692307692
0 0.44350961538461536 0.5961538461538461 0.026442307692307690 0.05048076923076923
0 0.4543269230769231 0.5084134615384616 0.03365384615384615 0.055288461538461536
0 0.4375 0.41586538461538464 0.04326923076923077 0.06009615384615385
0 0.47716346153846156 0.3425480769230769 0.036057692307692304 0.04567307692307692
0 0.4987980769230769 0.1622596153846154 0.036057692307692304 0.04326923076923077
0 0.5216346153846154 0.07091346153846154 0.04807692307692308 0.07211538461538461
0 0.4891826923076923 0.08653846153846154 0.016826923076923076 0.04326923076923077
1 0.5180288461538461 0.5600961538461539 0.036057692307692304 0.05048076923076923
0 0.5516826923076923 0.5204326923076923 0.038461538461538464 0.06490384615384616
0 0.5516826923076923 0.6141826923076923 0.038461538461538464 0.055288461538461536
0 0.5240384615384616 0.6189903846153846 0.026442307692307690 0.05048076923076923
0 0.5036057692307693 0.7956730769230769 0.021634615384615384 0.040865384615384616
0 0.5252403846153846 0.7740384615384616 0.03125 0.05048076923076923
0 0.5528846153846154 0.8966346153846154 0.026442307692307690 0.04567307692307692
0 0.5697115384615384 0.7572115384615384 0.03125 0.05048076923076923
0 0.6165865384615384 0.7692307692307693 0.026442307692307690 0.040865384615384616
0 0.625 0.6622596153846154 0.036057692307692304 0.05048076923076923
0 0.6165865384615384 0.4855769230769231 0.03125 0.04326923076923077
0 0.5733173076923077 0.33533653846153844 0.03365384615384615 0.06009615384615385
0 0.6117788461538461 0.28846153846153844 0.038461538461538464 0.06009615384615385
0 0.65625 0.296875 0.038461538461538464 0.06009615384615385
0 0.6502403846153846 0.4639423076923077 0.038461538461538464 0.06009615384615385
0 0.6670673076923077 0.07211538461538461 0.03365384615384615 0.06009615384615385
0 0.5925480769230769 0.8557692307692307 0.03125 0.04326923076923077
0 0.6298076923076923 0.8870192307692307 0.021634615384615384 0.04326923076923077
0 0.6165865384615384 0.9399038461538461 0.026442307692307690 0.036057692307692304
0 0.6850961538461539 0.9182692307692307 0.026442307692307690 0.040865384615384616
0 0.6610576923076923 0.8834134615384616 0.026442307692307690 0.03125
0 0.6947115384615384 0.8413461538461539 0.03125 0.040865384615384616
0 0.6887019230769231 0.7391826923076923 0.036057692307692304 0.04326923076923077
0 0.7103365384615384 0.7644230769230769 0.014423076923076924 0.04326923076923077
0 0.6887019230769231 0.6418269230769231 0.036057692307692304 0.04326923076923077
0 0.7223557692307693 0.5973557692307693 0.038461538461538464 0.055288461538461536
0 0.7475961538461539 0.5913461538461539 0.021634615384615384 0.04567307692307692
0 0.7427884615384616 0.4879807692307690 0.038461538461538464 0.055288461538461536
0 0.7439903846153846 0.34975961538461536 0.040865384615384616 0.04567307692307692
0 0.7884615384615384 0.21754807692307693 0.038461538461538464 0.055288461538461536
0 0.8088942307692307 0.1466346153846154 0.026442307692307690 0.036057692307692304
0 0.8317307692307693 0.056490384615384616 0.038461538461538464 0.055288461538461536
0 0.7295673076923077 0.9170673076923077 0.021634615384615384 0.03125