1 0.9050480769230769 0.2548076923076923 0.04807692307692308 0.07692307692307693
1 0.7872596153846154 0.2536057692307690 0.06009615384615385 0.07932692307692307
1 0.6923076923076923 0.2620192307692308 0.04567307692307690 0.0625
1 0.6141826923076923 0.13341346153846154 0.06971153846153846 0.10336538461538461
1 0.5528846153846154 0.17307692307692307 0.038461538461538464 0.052884615384615384
1 0.4795673076923077 0.17427884615384615 0.06009615384615385 0.07932692307692307
1 0.3870192307692308 0.3545673076923077 0.052884615384615384 0.07932692307692307
1 0.3581730769230769 0.13221153846153846 0.06009615384615385 0.07932692307692307
1 0.26802884615384615 0.17908653846153846 0.057692307692307696 0.08173076923076923
1 0.19951923076923078 0.19110576923076920 0.040865384615384616 0.0625
1 0.15745192307692307 0.18629807692307693 0.05048076923076923 0.06490384615384616
1 0.13942307692307693 0.1346153846153846 0.028846153846153848 0.04326923076923077
1 0.0733173076923077 0.10096153846153846 0.06009615384615385 0.08653846153846154