1 0.6634615384615384 0.9639423076923077 0.06490384615384616 0.04567307692307692
1 0.6766826923076923 0.875 0.07932692307692307 0.055288461538461536
0 0.7379807692307693 0.8353365384615384 0.04567307692307690 0.036057692307692304
0 0.7860576923076923 0.8137019230769231 0.06490384615384616 0.05048076923076923
0 0.7704326923076923 0.7091346153846154 0.06971153846153846 0.055288461538461536
1 0.7596153846153846 0.5540865384615384 0.10336538461538461 0.07211538461538461
0 0.8221153846153846 0.5336538461538461 0.0625 0.036057692307692304
0 0.8377403846153846 0.4735576923076923 0.07451923076923077 0.055288461538461536
0 0.8605769230769231 0.41586538461538464 0.07451923076923077 0.055288461538461536
1 0.9146634615384616 0.25961538461538464 0.11057692307692307 0.07692307692307693
1 0.9194711538461539 0.33533653846153844 0.04807692307692308 0.036057692307692304
1 0.8461538461538461 0.35096153846153844 0.04567307692307690 0.03125
0 0.7367788461538461 0.9891826923076923 0.06009615384615385 0.016826923076923076