1 0.05889423076923077 0.7487980769230769 0.11778846153846154 0.2283653846153846
1 0.33413461538461536 0.6189903846153846 0.08173076923076923 0.15625
1 0.41586538461538464 0.7800480769230769 0.036057692307692304 0.0889423076923077
1 0.5096153846153846 0.7620192307692307 0.07211538461538461 0.14182692307692307
1 0.8882211538461539 0.7512019230769231 0.040865384615384616 0.07451923076923077
0 0.953125 0.7427884615384616 0.036057692307692304 0.07692307692307693
0 0.7716346153846154 0.7668269230769231 0.04567307692307690 0.08653846153846154
0 0.7091346153846154 0.7740384615384616 0.040865384615384616 0.08653846153846154
0 0.6322115384615384 0.7668269230769231 0.04807692307692308 0.11298076923076923
0 0.20432692307692307 0.7367788461538461 0.057692307692307696 0.0985576923076923
0 0.1466346153846154 0.7415865384615384 0.026442307692307690 0.04807692307692308