1 0.026442307692307690 0.5673076923076923 0.052884615384615384 0.10096153846153846
1 0.055288461538461536 0.42788461538461536 0.08413461538461539 0.0985576923076923
1 0.1346153846153846 0.5396634615384616 0.1201923076923077 0.17067307692307693
1 0.22956730769230768 0.5432692307692307 0.06971153846153846 0.09134615384615384
1 0.42908653846153844 0.8112980769230769 0.0985576923076923 0.1346153846153846
1 0.7728365384615384 0.7487980769230769 0.14423076923076920 0.18990384615384615
1 0.8846153846153846 0.6478365384615384 0.0673076923076923 0.09134615384615384
1 0.6850961538461539 0.6009615384615384 0.0673076923076923 0.07451923076923077
1 0.7355769230769231 0.6286057692307693 0.04567307692307690 0.06490384615384616
1 0.21153846153846154 0.6322115384615384 0.0673076923076923 0.08173076923076923
1 0.8846153846153846 0.7307692307692307 0.05048076923076923 0.06490384615384616
1 0.9254807692307693 0.6298076923076923 0.04326923076923077 0.0673076923076923
1 0.4951923076923077 0.7548076923076923 0.055288461538461536 0.09615384615384616