1 0.3016826923076923 0.16947115384615385 0.0625 0.08413461538461539
1 0.43149038461538464 0.22235576923076920 0.036057692307692304 0.052884615384615384
0 0.47475961538461536 0.2091346153846154 0.040865384615384616 0.057692307692307696
0 0.4831730769230769 0.28966346153846156 0.038461538461538464 0.04326923076923077
0 0.5396634615384616 0.2403846153846154 0.04326923076923077 0.0673076923076923
1 0.6490384615384616 0.23197115384615385 0.03125 0.04326923076923077
1 0.6730769230769231 0.3173076923076923 0.04326923076923077 0.0673076923076923
1 0.7752403846153846 0.328125 0.04567307692307690 0.07692307692307693
0 0.859375 0.29447115384615385 0.06009615384615385 0.08413461538461539
1 0.9387019230769231 0.35216346153846156 0.0625 0.09134615384615384
0 0.3713942307692308 0.2692307692307690 0.03365384615384615 0.038461538461538464