1 0.9038461538461539 0.0625 0.07932692307692307 0.12259615384615384
1 0.8317307692307693 0.16947115384615385 0.07932692307692307 0.11778846153846154
0 0.8016826923076923 0.24278846153846154 0.06490384615384616 0.10096153846153846
0 0.9050480769230769 0.4675480769230769 0.052884615384615384 0.07451923076923077
1 0.9338942307692307 0.5901442307692307 0.05048076923076923 0.09615384615384616
1 0.9855769230769231 0.6141826923076923 0.02403846153846154 0.07932692307692307
0 0.9723557692307693 0.8942307692307693 0.05048076923076923 0.09134615384615384
1 0.7620192307692307 0.8942307692307693 0.06490384615384616 0.0889423076923077
1 0.7728365384615384 0.6971153846153846 0.06490384615384616 0.07692307692307693
1 0.7367788461538461 0.4723557692307690 0.055288461538461536 0.09615384615384616
1 0.5673076923076923 0.06490384615384616 0.08413461538461539 0.11538461538461539
1 0.4495192307692308 0.2620192307692308 0.07211538461538461 0.0889423076923077
1 0.3918269230769231 0.18990384615384615 0.08653846153846154 0.11057692307692307
1 0.5132211538461539 0.5721153846153846 0.06971153846153846 0.10096153846153846
1 0.5504807692307693 0.7199519230769231 0.07451923076923077 0.09375
1 0.5600961538461539 0.8485576923076923 0.0673076923076923 0.07932692307692307
1 0.3641826923076923 0.5288461538461539 0.06009615384615385 0.08653846153846154
1 0.375 0.7512019230769231 0.06490384615384616 0.0985576923076923
1 0.29086538461538464 0.7644230769230769 0.06971153846153846 0.10096153846153846
1 0.054086538461538464 0.4206730769230769 0.07932692307692307 0.08173076923076923
1 0.13581730769230768 0.7103365384615384 0.06971153846153846 0.0889423076923077
1 0.2247596153846154 0.8425480769230769 0.052884615384615384 0.07692307692307693
1 0.24278846153846154 0.9519230769230769 0.052884615384615384 0.0673076923076923