1 0.021634615384615384 0.7548076923076923 0.03365384615384615 0.0673076923076923
1 0.13221153846153846 0.8918269230769231 0.06009615384615385 0.12980769230769232
1 0.25841346153846156 0.6766826923076923 0.02403846153846154 0.07211538461538461
0 0.3713942307692308 0.6742788461538461 0.028846153846153848 0.057692307692307696
1 0.40625 0.8521634615384616 0.03365384615384615 0.09134615384615384
1 0.5144230769230769 0.8341346153846154 0.02403846153846154 0.08413461538461539
1 0.5036057692307693 0.7716346153846154 0.028846153846153848 0.0673076923076923
1 0.6550480769230769 0.7740384615384616 0.03365384615384615 0.07211538461538461
1 0.7043269230769231 0.765625 0.03365384615384615 0.07211538461538461
1 0.7692307692307693 0.703125 0.019230769230769230 0.04326923076923077
1 0.8161057692307693 0.7572115384615384 0.038461538461538464 0.07211538461538461
1 0.8894230769230769 0.7295673076923077 0.028846153846153848 0.0625
1 0.9254807692307693 0.7283653846153846 0.02403846153846154 0.0673076923076923