0 0.7848557692307693 0.8798076923076923 0.18269230769230768 0.12259615384615384
0 0.8966346153846154 0.7439903846153846 0.08413461538461539 0.06971153846153846
1 0.8016826923076923 0.6298076923076923 0.0889423076923077 0.04807692307692308
1 0.6610576923076923 0.5793269230769231 0.1346153846153846 0.0889423076923077
1 0.2644230769230769 0.7572115384615384 0.31490384615384615 0.22355769230769232
1 0.3125 0.4495192307692308 0.31490384615384615 0.21153846153846154
1 0.5961538461538461 0.3762019230769231 0.16826923076923078 0.10576923076923077
1 0.7512019230769231 0.4891826923076923 0.11538461538461539 0.07451923076923077
0 0.7439903846153846 0.15504807692307693 0.1346153846153846 0.0889423076923077
1 0.8365384615384616 0.04326923076923077 0.1201923076923077 0.08653846153846154
1 0.6887019230769231 0.038461538461538464 0.15144230769230768 0.07692307692307693
1 0.43149038461538464 0.21514423076923078 0.18990384615384615 0.12259615384615384