0 0.028846153846153848 0.24879807692307693 0.057692307692307696 0.07932692307692307
0 0.08774038461538461 0.23197115384615385 0.040865384615384616 0.057692307692307696
0 0.09975961538461539 0.28725961538461536 0.03365384615384615 0.07451923076923077
0 0.05048076923076923 0.4519230769230769 0.040865384615384616 0.06490384615384616
1 0.09735576923076923 0.5685096153846154 0.06971153846153846 0.10336538461538461
0 0.1658653846153846 0.6694711538461539 0.07451923076923077 0.11057692307692307
0 0.3485576923076923 0.9615384615384616 0.10096153846153846 0.07211538461538461
0 0.22115384615384615 0.07932692307692307 0.036057692307692304 0.052884615384615384
0 0.25 0.19471153846153846 0.04807692307692308 0.07451923076923077
0 0.30649038461538464 0.22716346153846154 0.04326923076923077 0.07692307692307693
0 0.34134615384615385 0.23557692307692307 0.038461538461538464 0.07451923076923077
0 0.24639423076923078 0.4110576923076923 0.052884615384615384 0.07211538461538461
1 0.33774038461538464 0.5576923076923077 0.06009615384615385 0.09615384615384616
1 0.4182692307692308 0.5420673076923077 0.055288461538461536 0.09134615384615384
0 0.45552884615384615 0.2091346153846154 0.040865384615384616 0.0625
0 0.49038461538461536 0.20552884615384615 0.036057692307692304 0.0625
1 0.5504807692307693 0.24879807692307693 0.040865384615384616 0.0985576923076923
0 0.6201923076923077 0.10817307692307693 0.055288461538461536 0.09615384615384616
0 0.7043269230769231 0.12620192307692307 0.040865384615384616 0.0673076923076923
1 0.8317307692307693 0.1045673076923077 0.06490384615384616 0.0985576923076923
1 0.8401442307692307 0.2608173076923077 0.06490384615384616 0.11778846153846154
0 0.2247596153846154 0.08533653846153846 0.038461538461538464 0.04326923076923077