0 0.8701923076923077 0.4723557692307690 0.0889423076923077 0.11778846153846154
0 0.8966346153846154 0.609375 0.07692307692307693 0.09615384615384616
1 0.8293269230769231 0.6454326923076923 0.0673076923076923 0.08173076923076923
0 0.7584134615384616 0.6009615384615384 0.06490384615384616 0.0889423076923077
1 0.7463942307692307 0.6826923076923077 0.0625 0.09134615384615384
0 0.8329326923076923 0.7319711538461539 0.07451923076923077 0.10576923076923077
1 0.8317307692307693 0.2920673076923077 0.08413461538461539 0.15144230769230768
0 0.7548076923076923 0.2512019230769231 0.10817307692307693 0.15865384615384615
0 0.6610576923076923 0.16105769230769230 0.11057692307692307 0.16826923076923078
1 0.5384615384615384 0.11177884615384616 0.13942307692307693 0.20432692307692307
1 0.6237980769230769 0.4579326923076923 0.09375 0.14182692307692307
1 0.6646634615384616 0.6189903846153846 0.08173076923076923 0.10096153846153846
0 0.7079326923076923 0.7836538461538461 0.052884615384615384 0.07451923076923077
1 0.6129807692307693 0.7956730769230769 0.06490384615384616 0.10336538461538461
1 0.6189903846153846 0.7367788461538461 0.04807692307692308 0.0889423076923077
1 0.5685096153846154 0.8088942307692307 0.0625 0.09134615384615384
0 0.5216346153846154 0.8737980769230769 0.057692307692307696 0.08653846153846154
0 0.45552884615384615 0.8149038461538461 0.08653846153846154 0.12259615384615384
1 0.5492788461538461 0.5420673076923077 0.07932692307692307 0.11538461538461539
1 0.5132211538461539 0.3713942307692308 0.08653846153846154 0.11298076923076923
1 0.4387019230769231 0.5084134615384616 0.09134615384615384 0.14182692307692307
0 0.44711538461538464 0.20673076923076920 0.0673076923076923 0.11298076923076923
0 0.4855769230769231 0.15865384615384615 0.07932692307692307 0.15865384615384615
1 0.29086538461538464 0.13942307692307693 0.12740384615384615 0.18028846153846154
1 0.3473557692307690 0.47836538461538464 0.0985576923076923 0.13701923076923078
1 0.23677884615384615 0.27283653846153844 0.08653846153846154 0.15625
1 0.35096153846153844 0.6346153846153846 0.07211538461538461 0.10096153846153846
1 0.24519230769230768 0.5384615384615384 0.08173076923076923 0.1201923076923077
0 0.41947115384615385 0.9122596153846154 0.06971153846153846 0.0985576923076923
0 0.39302884615384615 0.7956730769230769 0.052884615384615384 0.06971153846153846
0 0.36658653846153844 0.8966346153846154 0.06009615384615385 0.08413461538461539
1 0.2848557692307690 0.9495192307692307 0.052884615384615384 0.08413461538461539
0 0.3076923076923077 0.8028846153846154 0.06009615384615385 0.08653846153846154
1 0.17067307692307693 0.5769230769230769 0.08653846153846154 0.09375
0 0.06370192307692307 0.36177884615384615 0.11057692307692307 0.14182692307692307