1 0.8377403846153846 0.3557692307692308 0.055288461538461536 0.06971153846153846
1 0.7223557692307693 0.3293269230769231 0.055288461538461536 0.07451923076923077
1 0.6045673076923077 0.33052884615384615 0.06971153846153846 0.08173076923076923
1 0.9387019230769231 0.3629807692307690 0.03365384615384615 0.04807692307692308
1 0.7415865384615384 0.2668269230769231 0.038461538461538464 0.052884615384615384
1 0.8076923076923077 0.29086538461538464 0.026442307692307690 0.040865384615384616
1 0.6454326923076923 0.2824519230769231 0.06009615384615385 0.07932692307692307
1 0.19591346153846154 0.21514423076923078 0.055288461538461536 0.06971153846153846
1 0.3581730769230769 0.20432692307692307 0.055288461538461536 0.06971153846153846
1 0.45552884615384615 0.23677884615384615 0.055288461538461536 0.06971153846153846
0 0.2956730769230769 0.21394230769230768 0.05048076923076923 0.0889423076923077
1 0.16947115384615385 0.14423076923076920 0.038461538461538464 0.057692307692307696
1 0.9266826923076923 0.41346153846153844 0.03125 0.06009615384615385