1 0.09014423076923077 0.5673076923076923 0.057692307692307696 0.13221153846153846
1 0.28846153846153844 0.5817307692307693 0.04807692307692308 0.10336538461538461
1 0.33413461538461536 0.5168269230769231 0.0673076923076923 0.10096153846153846
1 0.40865384615384615 0.6418269230769231 0.05048076923076923 0.09615384615384616
0 0.4543269230769231 0.6177884615384616 0.06490384615384616 0.11057692307692307
1 0.5060096153846154 0.5 0.0889423076923077 0.16105769230769232
0 0.5168269230769231 0.6983173076923077 0.05048076923076923 0.08653846153846154
0 0.5997596153846154 0.7091346153846154 0.06009615384615385 0.10576923076923077
0 0.7139423076923077 0.6418269230769231 0.055288461538461536 0.0985576923076923
1 0.6742788461538461 0.5264423076923077 0.055288461538461536 0.10096153846153846
1 0.7475961538461539 0.5408653846153846 0.06009615384615385 0.125
1 0.9002403846153846 0.609375 0.05048076923076923 0.09134615384615384
0 0.7884615384615384 0.49278846153846156 0.07692307692307693 0.125
0 0.9627403846153846 0.5721153846153846 0.06971153846153846 0.11057692307692307
0 0.19591346153846154 0.6694711538461539 0.036057692307692304 0.06009615384615385
0 0.828125 0.6346153846153846 0.03365384615384615 0.06490384615384616
1 0.9435096153846154 0.6418269230769231 0.03365384615384615 0.055288461538461536