1 0.6550480769230769 0.9290865384615384 0.07692307692307693 0.04807692307692308
1 0.6935096153846154 0.8677884615384616 0.0625 0.04326923076923077
1 0.7295673076923077 0.8197115384615384 0.05048076923076923 0.03125
1 0.6586538461538461 0.7451923076923077 0.07451923076923077 0.052884615384615384
1 0.6814903846153846 0.5949519230769231 0.07451923076923077 0.052884615384615384
1 0.7548076923076923 0.5120192307692307 0.1346153846153846 0.09134615384615384
1 0.7680288461538461 0.41466346153846156 0.0889423076923077 0.04807692307692308
1 0.6911057692307693 0.31850961538461536 0.04567307692307690 0.03125
1 0.7403846153846154 0.2548076923076923 0.07692307692307693 0.04807692307692308
1 0.6947115384615384 0.16105769230769230 0.0625 0.038461538461538464
1 0.7283653846153846 0.07692307692307693 0.06490384615384616 0.038461538461538464
1 0.7427884615384616 0.04567307692307690 0.05048076923076923 0.021634615384615384
1 0.7487980769230769 0.7391826923076923 0.040865384615384616 0.03125