1 0.15384615384615385 0.6935096153846154 0.0889423076923077 0.09615384615384616
1 0.265625 0.6153846153846154 0.07692307692307693 0.09134615384615384
1 0.3233173076923077 0.5733173076923077 0.0625 0.08413461538461539
1 0.45552884615384615 0.8413461538461539 0.09615384615384616 0.11538461538461539
1 0.46634615384615385 0.47716346153846156 0.08173076923076923 0.0985576923076923
1 0.7524038461538461 0.4014423076923077 0.10336538461538461 0.12259615384615384
1 0.9290865384615384 0.4326923076923077 0.055288461538461536 0.08173076923076923
1 0.5036057692307693 0.3858173076923077 0.055288461538461536 0.08173076923076923
1 0.5865384615384616 0.3293269230769231 0.038461538461538464 0.0673076923076923
1 0.5048076923076923 0.2536057692307690 0.04567307692307690 0.06490384615384616
1 0.4014423076923077 0.2439903846153846 0.038461538461538464 0.04807692307692308
1 0.15504807692307693 0.5204326923076923 0.05048076923076923 0.07451923076923077
0 0.24519230769230768 0.421875 0.04807692307692308 0.05048076923076923
1 0.12620192307692307 0.44471153846153844 0.036057692307692304 0.04567307692307692
1 0.3389423076923077 0.4519230769230769 0.055288461538461536 0.06490384615384616
1 0.2620192307692308 0.30649038461538464 0.03365384615384615 0.04807692307692308
1 0.10336538461538461 0.33653846153846156 0.03365384615384615 0.04807692307692308
1 0.17427884615384615 0.3894230769230769 0.03125 0.04326923076923077
1 0.06850961538461539 0.4362980769230769 0.03125 0.04326923076923077
1 0.036057692307692304 0.38221153846153844 0.026442307692307690 0.03365384615384615
1 0.16466346153846154 0.28365384615384615 0.026442307692307690 0.03365384615384615