1 0.08774038461538461 0.9471153846153846 0.026442307692307690 0.04326923076923077
1 0.16346153846153846 0.9591346153846154 0.026442307692307690 0.038461538461538464
1 0.3245192307692308 0.921875 0.026442307692307690 0.057692307692307696
1 0.44591346153846156 0.9723557692307693 0.03125 0.04326923076923077
1 0.07692307692307693 0.8125 0.036057692307692304 0.052884615384615384
1 0.15865384615384615 0.84375 0.036057692307692304 0.04326923076923077
1 0.2920673076923077 0.8461538461538461 0.03125 0.052884615384615384
1 0.3125 0.7788461538461539 0.03125 0.04326923076923077
1 0.24879807692307693 0.7007211538461539 0.036057692307692304 0.04326923076923077
1 0.08653846153846154 0.7223557692307693 0.040865384615384616 0.055288461538461536
1 0.039663461538461536 0.6538461538461539 0.036057692307692304 0.057692307692307696
1 0.10817307692307693 0.6009615384615384 0.036057692307692304 0.04326923076923077
1 0.10336538461538461 0.53125 0.03125 0.06009615384615385
1 0.16346153846153846 0.49759615384615385 0.036057692307692304 0.057692307692307696
1 0.16947115384615385 0.41466346153846156 0.04567307692307690 0.06490384615384616
1 0.11538461538461539 0.21514423076923078 0.04567307692307690 0.0625
1 0.13581730769230768 0.0889423076923077 0.04567307692307690 0.07451923076923077
1 0.23918269230769230 0.13822115384615385 0.04567307692307690 0.06009615384615385
1 0.3269230769230769 0.5036057692307693 0.040865384615384616 0.055288461538461536
1 0.35216346153846156 0.6466346153846154 0.03125 0.04807692307692308
1 0.36658653846153844 0.18629807692307693 0.04567307692307690 0.07451923076923077
1 0.4387019230769231 0.4411057692307690 0.040865384615384616 0.06971153846153846
1 0.515625 0.9002403846153846 0.028846153846153848 0.03365384615384615
1 0.5372596153846154 0.8413461538461539 0.03125 0.04326923076923077
1 0.6021634615384616 0.8846153846153846 0.03125 0.04326923076923077
1 0.5733173076923077 0.7956730769230769 0.03125 0.04326923076923077
1 0.6694711538461539 0.8028846153846154 0.036057692307692304 0.04326923076923077
1 0.640625 0.7439903846153846 0.036057692307692304 0.06009615384615385
1 0.6009615384615384 0.59375 0.036057692307692304 0.057692307692307696
1 0.5504807692307693 0.5060096153846154 0.036057692307692304 0.0625
1 0.7055288461538461 0.20072115384615385 0.04567307692307690 0.07451923076923077
1 0.7740384615384616 0.6141826923076923 0.036057692307692304 0.0625
1 0.796875 0.4423076923076923 0.040865384615384616 0.0625
1 0.8028846153846154 0.9447115384615384 0.03125 0.038461538461538464
1 0.8305288461538461 0.9627403846153846 0.026442307692307690 0.04326923076923077
0 0.9411057692307693 0.9230769230769231 0.026442307692307690 0.04807692307692308
1 0.8521634615384616 0.8713942307692307 0.036057692307692304 0.038461538461538464
1 0.9615384615384616 0.6346153846153846 0.040865384615384616 0.04326923076923077
1 0.8978365384615384 0.49278846153846156 0.036057692307692304 0.057692307692307696
1 0.9134615384615384 0.3004807692307690 0.036057692307692304 0.06009615384615385
1 0.9435096153846154 0.24639423076923078 0.052884615384615384 0.055288461538461536