1 0.8329326923076923 0.8473557692307693 0.057692307692307696 0.09375
0 0.9278846153846154 0.7163461538461539 0.04567307692307690 0.08413461538461539
1 0.6334134615384616 0.8076923076923077 0.05048076923076923 0.07451923076923077
1 0.703125 0.7151442307692307 0.036057692307692304 0.06009615384615385
1 0.08173076923076923 0.7752403846153846 0.04567307692307690 0.07692307692307693
0 0.11057692307692307 0.7079326923076923 0.057692307692307696 0.09615384615384616
0 0.46634615384615385 0.8016826923076923 0.0673076923076923 0.10336538461538461
0 0.1875 0.6971153846153846 0.057692307692307696 0.09375
0 0.018028846153846150 0.7836538461538461 0.036057692307692304 0.0673076923076923
0 0.3545673076923077 0.75 0.04567307692307690 0.07451923076923077
0 0.5925480769230769 0.7860576923076923 0.036057692307692304 0.06009615384615385
0 0.7139423076923077 0.8533653846153846 0.05048076923076923 0.06971153846153846
0 0.2283653846153846 0.7596153846153846 0.036057692307692304 0.0625