1 0.046875 0.1141826923076923 0.0673076923076923 0.11538461538461539
1 0.12980769230769230 0.2127403846153846 0.0673076923076923 0.11057692307692307
0 0.16947115384615385 0.28125 0.055288461538461536 0.09375
0 0.09375 0.5168269230769231 0.04567307692307690 0.06971153846153846
1 0.08052884615384616 0.6418269230769231 0.040865384615384616 0.09134615384615384
1 0.021634615384615384 0.6730769230769231 0.036057692307692304 0.07211538461538461
0 0.07211538461538461 0.9483173076923077 0.052884615384615384 0.08173076923076923
1 0.28846153846153844 0.9230769230769231 0.055288461538461536 0.08173076923076923
1 0.2536057692307690 0.7283653846153846 0.057692307692307696 0.06971153846153846
1 0.2620192307692308 0.5024038461538461 0.04567307692307690 0.09134615384615384
1 0.3798076923076923 0.07572115384615384 0.07211538461538461 0.10576923076923077
1 0.5216346153846154 0.25721153846153844 0.06490384615384616 0.08173076923076923
1 0.5697115384615384 0.17908653846153846 0.07451923076923077 0.10336538461538461
1 0.4951923076923077 0.5733173076923077 0.06009615384615385 0.09375
1 0.47716346153846156 0.7247596153846154 0.06490384615384616 0.08653846153846154
1 0.4831730769230769 0.8533653846153846 0.06009615384615385 0.07211538461538461
1 0.6382211538461539 0.5120192307692307 0.05048076923076923 0.08173076923076923
1 0.6550480769230769 0.7331730769230769 0.055288461538461536 0.09134615384615384
1 0.7403846153846154 0.7379807692307693 0.06009615384615385 0.09375
1 0.9326923076923077 0.36658653846153844 0.07211538461538461 0.07451923076923077
1 0.8870192307692307 0.6646634615384616 0.0625 0.08173076923076923
1 0.8149038461538461 0.8064903846153846 0.04567307692307690 0.07211538461538461
1 0.8100961538461539 0.9182692307692307 0.04326923076923077 0.0625