1 0.9098557692307693 0.5673076923076923 0.055288461538461536 0.13221153846153846
1 0.7115384615384616 0.5817307692307693 0.04807692307692308 0.10336538461538461
1 0.6658653846153846 0.5168269230769231 0.0673076923076923 0.10096153846153846
1 0.5913461538461539 0.6418269230769231 0.05048076923076923 0.09615384615384616
0 0.5456730769230769 0.6177884615384616 0.06490384615384616 0.11057692307692307
1 0.49399038461538464 0.5 0.0889423076923077 0.16105769230769232
0 0.4831730769230769 0.6983173076923077 0.05048076923076923 0.08653846153846154
0 0.40024038461538464 0.7091346153846154 0.06009615384615385 0.10576923076923077
0 0.2860576923076923 0.6418269230769231 0.055288461538461536 0.0985576923076923
1 0.32572115384615385 0.5264423076923077 0.055288461538461536 0.10096153846153846
1 0.25240384615384615 0.5408653846153846 0.06009615384615385 0.125
1 0.09975961538461539 0.609375 0.05048076923076923 0.09134615384615384
0 0.21153846153846154 0.49278846153846156 0.07692307692307693 0.125
0 0.036057692307692304 0.5709134615384616 0.07211538461538461 0.10817307692307693
0 0.8040865384615384 0.6694711538461539 0.03365384615384615 0.06009615384615385
0 0.171875 0.6346153846153846 0.03365384615384615 0.06490384615384616
1 0.056490384615384616 0.6418269230769231 0.03365384615384615 0.055288461538461536