1 0.3605769230769231 0.6682692307692307 0.19471153846153846 0.09375
1 0.453125 0.9399038461538461 0.17067307692307693 0.10817307692307693
1 0.3389423076923077 0.8665865384615384 0.15625 0.0889423076923077
1 0.5108173076923077 0.6117788461538461 0.15625 0.08653846153846154
1 0.36538461538461536 0.5829326923076923 0.13701923076923078 0.07932692307692307
1 0.26802884615384615 0.43990384615384615 0.16826923076923078 0.12259615384615384
1 0.36778846153846156 0.7884615384615384 0.1201923076923077 0.057692307692307696
0 0.46274038461538464 0.36538461538461536 0.23076923076923078 0.13701923076923078
0 0.38221153846153844 0.25721153846153844 0.16826923076923078 0.09615384615384616
0 0.25961538461538464 0.08413461538461539 0.12740384615384615 0.07211538461538461
0 0.25 0.056490384615384616 0.15144230769230768 0.057692307692307696