0 0.8629807692307693 0.203125 0.07932692307692307 0.11538461538461539
1 0.7235576923076923 0.17427884615384615 0.052884615384615384 0.07451923076923077
1 0.6862980769230769 0.18269230769230768 0.040865384615384616 0.055288461538461536
1 0.6153846153846154 0.17067307692307693 0.040865384615384616 0.0673076923076923
1 0.7728365384615384 0.36899038461538464 0.08173076923076923 0.11298076923076923
1 0.6911057692307693 0.5012019230769231 0.11778846153846154 0.17548076923076922
1 0.5685096153846154 0.1935096153846154 0.03125 0.05048076923076923
1 0.5492788461538461 0.23076923076923078 0.040865384615384616 0.057692307692307696
1 0.49038461538461536 0.2956730769230769 0.0625 0.11057692307692307
1 0.41466346153846156 0.2247596153846154 0.04326923076923077 0.07692307692307693
1 0.32211538461538464 0.4567307692307690 0.10336538461538461 0.14423076923076922
1 0.17668269230769230 0.8882211538461539 0.19951923076923078 0.21875
1 0.203125 0.32091346153846156 0.06971153846153846 0.09615384615384616