1 0.14903846153846154 0.17067307692307693 0.057692307692307696 0.09134615384615384
0 0.06129807692307690 0.30649038461538464 0.04807692307692308 0.08173076923076923
1 0.35096153846153844 0.19951923076923078 0.05048076923076923 0.07211538461538461
1 0.2860576923076923 0.2956730769230769 0.03365384615384615 0.06009615384615385
1 0.9038461538461539 0.203125 0.04567307692307690 0.07451923076923077
0 0.8786057692307693 0.27163461538461536 0.057692307692307696 0.09375
0 0.5180288461538461 0.1971153846153846 0.0673076923076923 0.10096153846153846
0 0.8016826923076923 0.28725961538461536 0.057692307692307696 0.09134615384615384
0 0.9723557692307693 0.19230769230769230 0.040865384615384616 0.06490384615384616
0 0.6322115384615384 0.24278846153846154 0.04807692307692308 0.07211538461538461
0 0.39302884615384615 0.21995192307692307 0.036057692307692304 0.06009615384615385
0 0.26802884615384615 0.15745192307692307 0.04807692307692308 0.0673076923076923
0 0.7572115384615384 0.22596153846153846 0.03365384615384615 0.06490384615384616