1 0.9086538461538461 0.9266826923076923 0.11538461538461539 0.14182692307692307
1 0.7920673076923077 0.8100961538461539 0.07451923076923077 0.11538461538461539
1 0.6838942307692307 0.75 0.14182692307692307 0.23798076923076922
1 0.5 0.6129807692307693 0.08653846153846154 0.16826923076923078
1 0.6935096153846154 0.25 0.04807692307692308 0.07692307692307693
1 0.6213942307692307 0.11778846153846154 0.040865384615384616 0.06009615384615385
1 0.5901442307692307 0.2512019230769231 0.038461538461538464 0.07211538461538461
1 0.5216346153846154 0.13942307692307693 0.03125 0.04567307692307692
1 0.4266826923076923 0.14783653846153846 0.040865384615384616 0.06490384615384616
1 0.44350961538461536 0.36899038461538464 0.040865384615384616 0.06971153846153846
1 0.30649038461538464 0.5504807692307693 0.10817307692307693 0.16346153846153846
1 0.2620192307692308 0.1778846153846154 0.036057692307692304 0.057692307692307696
0 0.1622596153846154 0.3233173076923077 0.040865384615384616 0.06009615384615385
0 0.35216346153846156 0.19110576923076920 0.040865384615384616 0.06490384615384616
0 0.5564903846153846 0.4579326923076923 0.052884615384615384 0.07692307692307693