1 0.8293269230769231 0.609375 0.125 0.125
1 0.6526442307692307 0.6838942307692307 0.09134615384615384 0.13942307692307693
1 0.5865384615384616 0.6838942307692307 0.0889423076923077 0.125
1 0.5084134615384616 0.7139423076923077 0.08653846153846154 0.11778846153846154
1 0.4050480769230769 0.6923076923076923 0.07932692307692307 0.11538461538461539
1 0.36177884615384615 0.7019230769230769 0.04807692307692308 0.10576923076923077
1 0.3293269230769231 0.6862980769230769 0.04567307692307690 0.09134615384615384
1 0.2608173076923077 0.7644230769230769 0.06971153846153846 0.0985576923076923
1 0.22355769230769230 0.7115384615384616 0.0673076923076923 0.0889423076923077
1 0.08653846153846154 0.6730769230769231 0.04326923076923077 0.0625
1 0.007211538461538460 0.6911057692307693 0.014423076923076924 0.07451923076923077