1 0.4230769230769231 0.7355769230769231 0.1201923076923077 0.0889423076923077
1 0.3581730769230769 0.9230769230769231 0.11538461538461539 0.07692307692307693
1 0.2800480769230769 0.6947115384615384 0.12980769230769230 0.08653846153846154
1 0.40625 0.4098557692307690 0.09134615384615384 0.07451923076923077
1 0.328125 0.46634615384615385 0.09615384615384616 0.06971153846153846
1 0.2776442307692308 0.078125 0.24278846153846154 0.12740384615384615
1 0.31971153846153844 0.36538461538461536 0.07451923076923077 0.055288461538461536
1 0.2776442307692308 0.3112980769230769 0.07692307692307693 0.06490384615384616
1 0.23557692307692307 0.140625 0.06490384615384616 0.05048076923076923
1 0.2536057692307690 0.24278846153846154 0.055288461538461536 0.04807692307692308
1 0.21754807692307693 0.20552884615384615 0.040865384615384616 0.026442307692307692
1 0.28846153846153844 0.5564903846153846 0.04807692307692308 0.036057692307692304