1 0.10697115384615384 0.41466346153846156 0.08173076923076923 0.1778846153846154
1 0.0673076923076923 0.7331730769230769 0.06490384615384616 0.14423076923076922
1 0.13581730769230768 0.8810096153846154 0.057692307692307696 0.14903846153846154
1 0.2247596153846154 0.4879807692307690 0.06490384615384616 0.16826923076923078
1 0.16466346153846154 0.5925480769230769 0.055288461538461536 0.1346153846153846
1 0.3329326923076923 0.4050480769230769 0.06009615384615385 0.19951923076923078
1 0.27283653846153844 0.06610576923076923 0.09615384615384616 0.1201923076923077
1 0.42788461538461536 0.10216346153846154 0.11057692307692307 0.19471153846153846
1 0.41947115384615385 0.640625 0.06971153846153846 0.17307692307692307
1 0.34134615384615385 0.7572115384615384 0.0625 0.14423076923076922
1 0.5444711538461539 0.6213942307692307 0.06009615384615385 0.14423076923076922
1 0.5793269230769231 0.21634615384615385 0.08173076923076923 0.15865384615384615
1 0.6286057692307693 0.41466346153846156 0.0625 0.1778846153846154
1 0.6045673076923077 0.6742788461538461 0.06490384615384616 0.16346153846153846
1 0.6622596153846154 0.8737980769230769 0.055288461538461536 0.1346153846153846
0 0.5360576923076923 0.9074519230769231 0.04807692307692308 0.09615384615384616
1 0.7668269230769231 0.5829326923076923 0.057692307692307696 0.14423076923076922
1 0.8076923076923077 0.32091346153846156 0.09134615384615384 0.20432692307692307
1 0.8581730769230769 0.34975961538461536 0.057692307692307696 0.15384615384615385
1 0.9639423076923077 0.5408653846153846 0.0673076923076923 0.18990384615384615
1 0.9266826923076923 0.7980769230769231 0.0625 0.14903846153846154
1 0.9435096153846154 0.9447115384615384 0.052884615384615384 0.09134615384615384
1 0.8485576923076923 0.6382211538461539 0.0673076923076923 0.13942307692307693
1 0.9735576923076923 0.11177884615384616 0.04807692307692308 0.21394230769230768