0 0.030048076923076924 0.9471153846153846 0.06009615384615385 0.07451923076923077
1 0.04326923076923077 0.6382211538461539 0.057692307692307696 0.09615384615384616
1 0.234375 0.7271634615384616 0.0625 0.08413461538461539
1 0.265625 0.9266826923076923 0.06490384615384616 0.09375
0 0.05889423076923077 0.5144230769230769 0.052884615384615384 0.0889423076923077
1 0.03485576923076923 0.1045673076923077 0.04807692307692308 0.13221153846153846
1 0.1045673076923077 0.20432692307692307 0.07451923076923077 0.11778846153846154
0 0.1502403846153846 0.2764423076923077 0.06009615384615385 0.11298076923076923
1 0.24759615384615385 0.5048076923076923 0.057692307692307696 0.09615384615384616
1 0.47836538461538464 0.8653846153846154 0.06490384615384616 0.07932692307692307
1 0.47475961538461536 0.7319711538461539 0.06971153846153846 0.09615384615384616
1 0.4987980769230769 0.5805288461538461 0.06490384615384616 0.09615384615384616
1 0.3798076923076923 0.0733173076923077 0.07451923076923077 0.11298076923076923
1 0.5300480769230769 0.2548076923076923 0.07451923076923077 0.09615384615384616
1 0.5853365384615384 0.18028846153846154 0.07932692307692307 0.11298076923076923
1 0.6586538461538461 0.5228365384615384 0.057692307692307696 0.0889423076923077
1 0.6730769230769231 0.7439903846153846 0.06490384615384616 0.09375
1 0.7668269230769231 0.7524038461538461 0.0625 0.10336538461538461
1 0.8401442307692307 0.9314903846153846 0.04567307692307690 0.07451923076923077
1 0.9302884615384616 0.6778846153846154 0.06971153846153846 0.08413461538461539
1 0.9675480769230769 0.3798076923076923 0.06009615384615385 0.09134615384615384