1 0.2247596153846154 0.1310096153846154 0.03365384615384615 0.06490384615384616
1 0.19951923076923078 0.17668269230769230 0.04567307692307690 0.07211538461538461
1 0.1778846153846154 0.6658653846153846 0.09615384615384616 0.1466346153846154
1 0.3401442307692308 0.5372596153846154 0.07451923076923077 0.12980769230769232
1 0.39783653846153844 0.31971153846153844 0.0673076923076923 0.11778846153846154
1 0.35216346153846156 0.04447115384615385 0.02403846153846154 0.038461538461538464
1 0.4098557692307690 0.056490384615384616 0.02403846153846154 0.04807692307692308
1 0.5108173076923077 0.07572115384615384 0.03365384615384615 0.05048076923076923
1 0.5144230769230769 0.24639423076923078 0.06490384615384616 0.11298076923076923
1 0.5600961538461539 0.41586538461538464 0.07451923076923077 0.12740384615384615
1 0.6237980769230769 0.22956730769230768 0.06971153846153846 0.11298076923076923
0 0.7067307692307693 0.10096153846153846 0.03365384615384615 0.06009615384615385
1 0.7728365384615384 0.12620192307692307 0.040865384615384616 0.07932692307692307
1 0.7367788461538461 0.02403846153846154 0.036057692307692304 0.04807692307692308
1 0.7992788461538461 0.018028846153846150 0.040865384615384616 0.036057692307692304
1 0.8509615384615384 0.02403846153846154 0.038461538461538464 0.04807692307692308