1 0.03365384615384615 0.14302884615384615 0.021634615384615384 0.014423076923076924
1 0.18389423076923078 0.0985576923076923 0.028846153846153848 0.019230769230769232
0 0.27524038461538464 0.14543269230769230 0.036057692307692304 0.026442307692307692
1 0.3557692307692308 0.13341346153846154 0.038461538461538464 0.03125
1 0.36538461538461536 0.1814903846153846 0.038461538461538464 0.021634615384615384
1 0.4639423076923077 0.015625 0.038461538461538464 0.026442307692307692
1 0.4483173076923077 0.07091346153846154 0.03365384615384615 0.02403846153846154
1 0.46033653846153844 0.1310096153846154 0.038461538461538464 0.03125
0 0.5564903846153846 0.109375 0.038461538461538464 0.03125
1 0.6887019230769231 0.06610576923076923 0.03365384615384615 0.028846153846153848
0 0.6189903846153846 0.15384615384615385 0.038461538461538464 0.026442307692307692
1 0.01201923076923077 0.3786057692307690 0.02403846153846154 0.021634615384615384
1 0.05048076923076923 0.36658653846153844 0.03365384615384615 0.02403846153846154
1 0.08533653846153846 0.3293269230769231 0.02403846153846154 0.014423076923076924
1 0.11177884615384616 0.3137019230769231 0.028846153846153848 0.014423076923076924
1 0.13942307692307693 0.2764423076923077 0.028846153846153848 0.019230769230769232
1 0.22956730769230768 0.2536057692307690 0.021634615384615384 0.019230769230769232
0 0.23918269230769230 0.21995192307692307 0.021634615384615384 0.019230769230769232
1 0.27283653846153844 0.2283653846153846 0.02403846153846154 0.019230769230769232
0 0.27884615384615385 0.27163461538461536 0.028846153846153848 0.019230769230769232
1 0.39302884615384615 0.265625 0.03365384615384615 0.019230769230769232
0 0.4423076923076923 0.2860576923076923 0.028846153846153848 0.019230769230769232
0 0.5540865384615384 0.2860576923076923 0.04326923076923077 0.03125
1 0.6033653846153846 0.25600961538461536 0.04326923076923077 0.03125
1 0.7704326923076923 0.3137019230769231 0.05048076923076923 0.036057692307692304
1 0.9387019230769231 0.2283653846153846 0.055288461538461536 0.040865384615384616
1 0.014423076923076924 0.46875 0.019230769230769230 0.009615384615384616
1 0.052884615384615384 0.4326923076923077 0.02403846153846154 0.014423076923076924
1 0.06490384615384616 0.4074519230769231 0.021634615384615384 0.019230769230769232
0 0.11298076923076923 0.41466346153846156 0.02403846153846154 0.01201923076923077
1 0.10336538461538461 0.44350961538461536 0.03365384615384615 0.019230769230769232
1 0.20072115384615385 0.33413461538461536 0.02403846153846154 0.019230769230769232
1 0.20192307692307693 0.4074519230769231 0.028846153846153848 0.019230769230769232
0 0.234375 0.3545673076923077 0.03365384615384615 0.019230769230769232
0 0.2620192307692308 0.3076923076923077 0.028846153846153848 0.019230769230769232
1 0.28846153846153844 0.3737980769230769 0.03365384615384615 0.02403846153846154
1 0.3629807692307690 0.34615384615384615 0.02403846153846154 0.02403846153846154
1 0.3245192307692308 0.4579326923076923 0.03365384615384615 0.019230769230769232
1 0.36778846153846156 0.42427884615384615 0.028846153846153848 0.02403846153846154
1 0.45552884615384615 0.3557692307692308 0.036057692307692304 0.021634615384615384
1 0.42908653846153844 0.4338942307692308 0.036057692307692304 0.026442307692307692
1 0.6177884615384616 0.3713942307692308 0.04326923076923077 0.026442307692307692
1 0.6935096153846154 0.37259615384615385 0.04326923076923077 0.026442307692307692
1 0.7067307692307693 0.4014423076923077 0.04807692307692308 0.03125
1 0.9338942307692307 0.3954326923076923 0.055288461538461536 0.040865384615384616
1 0.7896634615384616 0.4519230769230769 0.036057692307692304 0.021634615384615384
1 0.5865384615384616 0.4651442307692308 0.038461538461538464 0.03125
1 0.5456730769230769 0.453125 0.028846153846153848 0.028846153846153848
1 0.06850961538461539 0.49158653846153844 0.021634615384615384 0.01201923076923077
1 0.03365384615384615 0.5600961538461539 0.021634615384615384 0.01201923076923077
1 0.07692307692307693 0.5228365384615384 0.009615384615384616 0.01201923076923077
1 0.10697115384615384 0.5516826923076923 0.02403846153846154 0.019230769230769232
1 0.06490384615384616 0.5877403846153846 0.02403846153846154 0.014423076923076924
1 0.140625 0.5084134615384616 0.028846153846153848 0.019230769230769232
1 0.20072115384615385 0.5432692307692307 0.019230769230769230 0.009615384615384616
1 0.23918269230769230 0.515625 0.02403846153846154 0.02403846153846154
1 0.3004807692307690 0.5673076923076923 0.028846153846153848 0.019230769230769232
1 0.3629807692307690 0.49038461538461536 0.036057692307692304 0.021634615384615384
1 0.35096153846153844 0.5600961538461539 0.028846153846153848 0.019230769230769232
1 0.37740384615384615 0.5408653846153846 0.038461538461538464 0.026442307692307692
1 0.45552884615384615 0.4963942307692308 0.03365384615384615 0.019230769230769232
1 0.015625 0.6466346153846154 0.016826923076923076 0.019230769230769232
1 0.09254807692307693 0.6538461538461539 0.02403846153846154 0.014423076923076924
1 0.07451923076923077 0.6802884615384616 0.021634615384615384 0.01201923076923077
1 0.09375 0.7067307692307693 0.021634615384615384 0.009615384615384616
1 0.0985576923076923 0.7163461538461539 0.02403846153846154 0.014423076923076924
0 0.14302884615384615 0.6887019230769231 0.021634615384615384 0.01201923076923077
1 0.11658653846153846 0.7487980769230769 0.028846153846153848 0.014423076923076924
0 0.1502403846153846 0.75 0.02403846153846154 0.014423076923076924
1 0.21033653846153846 0.7199519230769231 0.02403846153846154 0.019230769230769232
0 0.17427884615384615 0.65625 0.021634615384615384 0.019230769230769232
0 0.19230769230769230 0.6334134615384616 0.028846153846153848 0.019230769230769232
1 0.3016826923076923 0.6418269230769231 0.02403846153846154 0.019230769230769232
1 0.39783653846153844 0.6069711538461539 0.03365384615384615 0.02403846153846154
1 0.390625 0.6730769230769231 0.028846153846153848 0.019230769230769232
1 0.5264423076923077 0.5949519230769231 0.03365384615384615 0.028846153846153848
1 0.7644230769230769 0.59375 0.04807692307692308 0.036057692307692304
1 0.8713942307692307 0.5348557692307693 0.05048076923076923 0.036057692307692304
1 0.8341346153846154 0.6346153846153846 0.04807692307692308 0.036057692307692304
1 0.021634615384615384 0.7836538461538461 0.019230769230769230 0.019230769230769232
1 0.08653846153846154 0.8341346153846154 0.028846153846153848 0.014423076923076924
0 0.10216346153846154 0.8533653846153846 0.021634615384615384 0.01201923076923077
1 0.15264423076923078 0.8329326923076923 0.02403846153846154 0.01201923076923077
1 0.18269230769230768 0.8365384615384616 0.02403846153846154 0.019230769230769232
1 0.24879807692307693 0.7836538461538461 0.03365384615384615 0.019230769230769232
1 0.3161057692307690 0.8245192307692307 0.028846153846153848 0.019230769230769232
1 0.43149038461538464 0.6983173076923077 0.036057692307692304 0.026442307692307692
1 0.4098557692307690 0.734375 0.03365384615384615 0.02403846153846154
1 0.4699519230769231 0.71875 0.03365384615384615 0.02403846153846154
1 0.5456730769230769 0.7247596153846154 0.038461538461538464 0.026442307692307692
1 0.5612980769230769 0.6959134615384616 0.04326923076923077 0.03125
1 0.9242788461538461 0.7427884615384616 0.052884615384615384 0.036057692307692304
1 0.9831730769230769 0.8870192307692307 0.028846153846153848 0.04326923076923077
1 0.9891826923076923 0.9507211538461539 0.016826923076923076 0.040865384615384616
1 0.8197115384615384 0.8978365384615384 0.04326923076923077 0.036057692307692304
1 0.7992788461538461 0.9314903846153846 0.05048076923076923 0.03125
1 0.6201923076923077 0.9399038461538461 0.04326923076923077 0.03125
1 0.5492788461538461 0.9423076923076923 0.038461538461538464 0.03125
1 0.5084134615384616 0.9939903846153846 0.038461538461538464 0.009615384615384616
1 0.49158653846153844 0.8978365384615384 0.019230769230769230 0.019230769230769232
1 0.4495192307692308 0.9158653846153846 0.036057692307692304 0.026442307692307692
1 0.3870192307692308 0.8846153846153846 0.036057692307692304 0.026442307692307692
1 0.33413461538461536 0.9314903846153846 0.036057692307692304 0.02403846153846154
1 0.33533653846153844 0.8774038461538461 0.03365384615384615 0.02403846153846154
1 0.29447115384615385 0.8581730769230769 0.03365384615384615 0.016826923076923076
1 0.28725961538461536 0.9158653846153846 0.021634615384615384 0.01201923076923077
1 0.23557692307692307 0.8641826923076923 0.028846153846153848 0.021634615384615384
1 0.18028846153846154 0.8810096153846154 0.02403846153846154 0.014423076923076924
1 0.19831730769230768 0.9723557692307693 0.02403846153846154 0.01201923076923077
1 0.12379807692307693 0.9927884615384616 0.026442307692307690 0.009615384615384616
1 0.08653846153846154 0.9098557692307693 0.021634615384615384 0.014423076923076924
1 0.054086538461538464 0.8846153846153846 0.02403846153846154 0.01201923076923077
1 0.0673076923076923 0.9459134615384616 0.019230769230769230 0.014423076923076924
0 0.04567307692307690 0.9735576923076923 0.021634615384615384 0.009615384615384616