0 0.8112980769230769 0.06129807692307690 0.07692307692307693 0.05048076923076923
1 0.7536057692307693 0.11658653846153846 0.13942307692307693 0.07932692307692307
1 0.7536057692307693 0.1778846153846154 0.04326923076923077 0.03125
1 0.7836538461538461 0.3269230769230769 0.10096153846153846 0.0625
1 0.7439903846153846 0.3701923076923077 0.07451923076923077 0.040865384615384616
1 0.7067307692307693 0.5492788461538461 0.07451923076923077 0.04567307692307692
0 0.7475961538461539 0.6033653846153846 0.07692307692307693 0.04567307692307692
1 0.6730769230769231 0.6418269230769231 0.07692307692307693 0.05048076923076923
1 0.6322115384615384 0.8040865384615384 0.09615384615384616 0.06009615384615385
0 0.6526442307692307 0.41225961538461536 0.040865384615384616 0.03125
1 0.7319711538461539 0.9663461538461539 0.03125 0.021634615384615384
1 0.7451923076923077 0.7283653846153846 0.04567307692307690 0.03125