1 0.9723557692307693 0.59375 0.05048076923076923 0.08653846153846154
1 0.9086538461538461 0.28846153846153844 0.03365384615384615 0.06009615384615385
1 0.8257211538461539 0.2980769230769231 0.04807692307692308 0.06490384615384616
0 0.9326923076923077 0.3870192307692308 0.038461538461538464 0.0673076923076923
0 0.96875 0.4026442307692308 0.040865384615384616 0.07692307692307693
1 0.6322115384615384 0.21634615384615385 0.07692307692307693 0.0985576923076923
1 0.5637019230769231 0.24879807692307693 0.07211538461538461 0.0889423076923077
1 0.46033653846153844 0.3004807692307690 0.07932692307692307 0.10576923076923077
1 0.3137019230769231 0.35336538461538464 0.0673076923076923 0.09134615384615384
1 0.19951923076923078 0.3581730769230769 0.07932692307692307 0.10576923076923077
1 0.019230769230769230 0.5072115384615384 0.038461538461538464 0.0625
0 0.042067307692307696 0.6225961538461539 0.055288461538461536 0.08173076923076923