1 0.359375 0.010817307692307690 0.08413461538461539 0.021634615384615384
1 0.35096153846153844 0.10576923076923077 0.07692307692307693 0.04567307692307692
1 0.3449519230769231 0.1971153846153846 0.07692307692307693 0.05048076923076923
1 0.2439903846153846 0.2283653846153846 0.08173076923076923 0.04567307692307692
1 0.27403846153846156 0.29086538461538464 0.08653846153846154 0.04807692307692308
1 0.2848557692307690 0.40024038461538464 0.08653846153846154 0.052884615384615384
1 0.2512019230769231 0.5216346153846154 0.08173076923076923 0.04567307692307692
1 0.28365384615384615 0.6153846153846154 0.07211538461538461 0.04567307692307692
1 0.25961538461538464 0.7043269230769231 0.07692307692307693 0.04567307692307692
1 0.2932692307692308 0.8052884615384616 0.07451923076923077 0.055288461538461536
1 0.23798076923076920 0.9122596153846154 0.0889423076923077 0.057692307692307696