1 0.36899038461538464 0.6875 0.20192307692307693 0.14423076923076922
1 0.4855769230769231 0.8064903846153846 0.21153846153846154 0.15865384615384615
1 0.609375 0.9290865384615384 0.10817307692307693 0.07451923076923077
1 0.7884615384615384 0.7884615384615384 0.09615384615384616 0.07932692307692307
1 0.8377403846153846 0.8858173076923077 0.07211538461538461 0.04326923076923077
1 0.6622596153846154 0.6634615384615384 0.12259615384615384 0.09615384615384616
1 0.8209134615384616 0.5865384615384616 0.08173076923076923 0.052884615384615384
1 0.5600961538461539 0.5540865384615384 0.1201923076923077 0.08653846153846154
1 0.5264423076923077 0.36177884615384615 0.12980769230769230 0.0889423076923077
1 0.6382211538461539 0.4879807692307690 0.08653846153846154 0.06971153846153846
1 0.5456730769230769 0.24158653846153846 0.08413461538461539 0.06971153846153846
1 0.4230769230769231 0.12379807692307693 0.125 0.08653846153846154
1 0.5576923076923077 0.038461538461538464 0.08653846153846154 0.06490384615384616
1 0.7403846153846154 0.203125 0.07932692307692307 0.0673076923076923
1 0.8088942307692307 0.3112980769230769 0.08413461538461539 0.0625
1 0.7776442307692307 0.4375 0.057692307692307696 0.036057692307692304
1 0.7487980769230769 0.4963942307692308 0.0673076923076923 0.040865384615384616
1 0.7764423076923077 0.09975961538461539 0.08413461538461539 0.0673076923076923