0 0.36899038461538464 0.15384615384615385 0.11538461538461539 0.08413461538461539
0 0.23317307692307693 0.1875 0.09375 0.07211538461538461
1 0.2283653846153846 0.2620192307692308 0.07932692307692307 0.0625
0 0.3004807692307690 0.3088942307692308 0.08653846153846154 0.0625
1 0.23076923076923078 0.3545673076923077 0.09134615384615384 0.057692307692307696
0 0.14903846153846154 0.296875 0.10336538461538461 0.06971153846153846
1 0.5480769230769231 0.11057692307692307 0.15144230769230768 0.07692307692307693
0 0.6165865384615384 0.16346153846153846 0.15625 0.10096153846153846
0 0.7391826923076923 0.21153846153846154 0.1658653846153846 0.10336538461538461
1 0.8365384615384616 0.3016826923076923 0.20192307692307693 0.12980769230769232
1 0.4855769230769231 0.3701923076923077 0.13942307692307693 0.0889423076923077
1 0.3233173076923077 0.4014423076923077 0.0985576923076923 0.07932692307692307
0 0.15504807692307693 0.43149038461538464 0.07451923076923077 0.05048076923076923
1 0.18509615384615385 0.5216346153846154 0.10336538461538461 0.06009615384615385
1 0.23557692307692307 0.49278846153846156 0.0889423076923077 0.04326923076923077
1 0.19110576923076920 0.5685096153846154 0.09134615384615384 0.057692307692307696
0 0.15264423076923078 0.6382211538461539 0.08413461538461539 0.052884615384615384
0 0.23317307692307693 0.6730769230769231 0.1201923076923077 0.08173076923076923
1 0.4411057692307690 0.4735576923076923 0.11538461538461539 0.07451923076923077
1 0.6105769230769231 0.4326923076923077 0.11057692307692307 0.08413461538461539
1 0.5192307692307693 0.5588942307692307 0.13942307692307693 0.08653846153846154
0 0.7872596153846154 0.42427884615384615 0.11298076923076923 0.0625
0 0.8149038461538461 0.36899038461538464 0.15865384615384615 0.07211538461538461
1 0.9110576923076923 0.5372596153846154 0.17307692307692307 0.12259615384615384
1 0.5841346153846154 0.6298076923076923 0.13701923076923078 0.09134615384615384
1 0.8173076923076923 0.6430288461538461 0.15625 0.07932692307692307
1 0.4411057692307690 0.6923076923076923 0.0985576923076923 0.0673076923076923
1 0.5721153846153846 0.7463942307692307 0.1201923076923077 0.07692307692307693
0 0.15985576923076920 0.7475961538461539 0.09615384615384616 0.0673076923076923
0 0.2776442307692308 0.7223557692307693 0.06971153846153846 0.052884615384615384
0 0.1971153846153846 0.7872596153846154 0.08413461538461539 0.057692307692307696
1 0.18269230769230768 0.8846153846153846 0.08413461538461539 0.04807692307692308
0 0.30649038461538464 0.8016826923076923 0.08653846153846154 0.06009615384615385
1 0.5697115384615384 0.8305288461538461 0.09134615384615384 0.08413461538461539
0 0.8088942307692307 0.8365384615384616 0.13942307692307693 0.10336538461538461