1 0.32211538461538464 0.3557692307692308 0.13221153846153846 0.19471153846153846
1 0.19471153846153846 0.4651442307692308 0.1466346153846154 0.20432692307692307
1 0.06490384615384616 0.578125 0.0673076923076923 0.10576923076923077
1 0.19230769230769230 0.7668269230769231 0.07211538461538461 0.09134615384615384
1 0.09134615384615384 0.8100961538461539 0.038461538461538464 0.06971153846153846
1 0.3245192307692308 0.6502403846153846 0.0889423076923077 0.11778846153846154
1 0.3918269230769231 0.8137019230769231 0.04807692307692308 0.07932692307692307
1 0.4423076923076923 0.5552884615384616 0.07932692307692307 0.11538461538461539
1 0.6358173076923077 0.5360576923076923 0.07932692307692307 0.125
1 0.5024038461538461 0.6382211538461539 0.06490384615384616 0.08413461538461539
1 0.7548076923076923 0.5637019230769231 0.06490384615384616 0.08173076923076923
1 0.8810096153846154 0.4495192307692308 0.07932692307692307 0.1201923076923077
1 0.9567307692307693 0.5901442307692307 0.06009615384615385 0.08413461538461539
1 0.7800480769230769 0.7596153846153846 0.0625 0.07692307692307693
1 0.6670673076923077 0.8209134615384616 0.057692307692307696 0.07932692307692307
1 0.5420673076923077 0.78125 0.03365384615384615 0.057692307692307696
1 0.4855769230769231 0.7475961538461539 0.038461538461538464 0.06490384615384616
1 0.8798076923076923 0.8040865384615384 0.0625 0.08173076923076923