0 0.06610576923076923 0.12980769230769230 0.04567307692307690 0.07211538461538461
0 0.14903846153846154 0.24879807692307693 0.055288461538461536 0.07211538461538461
0 0.15384615384615385 0.40865384615384615 0.06009615384615385 0.08173076923076923
1 0.14182692307692307 0.5877403846153846 0.057692307692307696 0.07692307692307693
0 0.43509615384615385 0.15504807692307693 0.05048076923076923 0.07211538461538461
1 0.4074519230769231 0.3112980769230769 0.057692307692307696 0.07211538461538461
1 0.4579326923076923 0.40384615384615385 0.055288461538461536 0.07211538461538461
1 0.4519230769230769 0.5805288461538461 0.06009615384615385 0.08173076923076923
1 0.6935096153846154 0.038461538461538464 0.05048076923076923 0.0673076923076923
1 0.7824519230769231 0.13221153846153846 0.057692307692307696 0.0673076923076923
0 0.7824519230769231 0.25721153846153844 0.04807692307692308 0.057692307692307696
0 0.6935096153846154 0.4050480769230769 0.05048076923076923 0.07692307692307693
1 0.8028846153846154 0.5925480769230769 0.055288461538461536 0.04567307692307692