1 0.6887019230769231 0.9651442307692307 0.10336538461538461 0.06490384615384616
1 0.6490384615384616 0.8737980769230769 0.09134615384615384 0.06009615384615385
1 0.7692307692307693 0.7632211538461539 0.0673076923076923 0.04326923076923077
1 0.7067307692307693 0.6971153846153846 0.11538461538461539 0.07692307692307693
1 0.7836538461538461 0.6983173076923077 0.0673076923076923 0.04567307692307692
1 0.7427884615384616 0.6490384615384616 0.09134615384615384 0.055288461538461536
1 0.5216346153846154 0.5588942307692307 0.10096153846153846 0.07211538461538461
1 0.7632211538461539 0.5817307692307693 0.0673076923076923 0.040865384615384616
1 0.78125 0.53125 0.08173076923076923 0.04326923076923077
1 0.7776442307692307 0.4963942307692308 0.09615384615384616 0.06009615384615385
1 0.7572115384615384 0.43990384615384615 0.07932692307692307 0.052884615384615384
1 0.7271634615384616 0.39302884615384615 0.09615384615384616 0.06490384615384616
1 0.7211538461538461 0.3317307692307690 0.10576923076923077 0.07451923076923077
1 0.8401442307692307 0.30408653846153844 0.08653846153846154 0.055288461538461536
0 0.8473557692307693 0.2608173076923077 0.06490384615384616 0.05048076923076923
1 0.8858173076923077 0.19230769230769230 0.09615384615384616 0.06009615384615385
1 0.875 0.1310096153846154 0.0985576923076923 0.0625
1 0.8557692307692307 0.22956730769230768 0.057692307692307696 0.03365384615384615