1 0.5492788461538461 0.7199519230769231 0.09134615384615384 0.1346153846153846
1 0.9170673076923077 0.4987980769230769 0.05048076923076923 0.0673076923076923
1 0.8377403846153846 0.45072115384615385 0.04326923076923077 0.052884615384615384
1 0.6911057692307693 0.45552884615384615 0.036057692307692304 0.055288461538461536
1 0.7632211538461539 0.43149038461538464 0.028846153846153848 0.04807692307692308
1 0.7259615384615384 0.4050480769230769 0.028846153846153848 0.04326923076923077
1 0.3605769230769231 0.4807692307692308 0.03365384615384615 0.04567307692307692
0 0.359375 0.35697115384615385 0.02403846153846154 0.040865384615384616
1 0.24158653846153846 0.6201923076923077 0.04807692307692308 0.07932692307692307
1 0.16346153846153846 0.6057692307692307 0.04326923076923077 0.07451923076923077
1 0.10096153846153846 0.7451923076923077 0.07451923076923077 0.13221153846153846