0 0.1141826923076923 0.47115384615384615 0.16105769230769230 0.2692307692307692
1 0.4423076923076923 0.6322115384615384 0.13942307692307693 0.2620192307692308
1 0.5576923076923077 0.7463942307692307 0.0889423076923077 0.19471153846153846
1 0.6862980769230769 0.7716346153846154 0.14423076923076920 0.2403846153846154
1 0.8329326923076923 0.6862980769230769 0.10817307692307693 0.20673076923076922
1 0.6418269230769231 0.34975961538461536 0.07451923076923077 0.1466346153846154
1 0.703125 0.30288461538461536 0.07451923076923077 0.125
1 0.4891826923076923 0.2608173076923077 0.055288461538461536 0.10817307692307693
1 0.53125 0.19591346153846154 0.057692307692307696 0.10096153846153846
1 0.46033653846153844 0.33413461538461536 0.07211538461538461 0.10096153846153846
1 0.5600961538461539 0.06971153846153846 0.04567307692307690 0.06971153846153846
1 0.6418269230769231 0.036057692307692304 0.04326923076923077 0.06009615384615385
1 0.4951923076923077 0.06129807692307690 0.04326923076923077 0.06490384615384616