1 0.009615384615384616 0.16346153846153846 0.019230769230769230 0.03365384615384615
1 0.008413461538461538 0.2403846153846154 0.016826923076923076 0.03365384615384615
1 0.055288461538461536 0.39302884615384615 0.06009615384615385 0.03365384615384615
1 0.025240384615384616 0.5204326923076923 0.04807692307692308 0.036057692307692304
1 0.125 0.1310096153846154 0.057692307692307696 0.04326923076923077
1 0.10697115384615384 0.21634615384615385 0.04807692307692308 0.040865384615384616
1 0.125 0.3485576923076923 0.057692307692307696 0.038461538461538464
1 0.19591346153846154 0.3581730769230769 0.04807692307692308 0.036057692307692304
1 0.2620192307692308 0.2824519230769231 0.04807692307692308 0.040865384615384616
1 0.21514423076923078 0.12620192307692307 0.06009615384615385 0.04807692307692308
1 0.27524038461538464 0.06971153846153846 0.0625 0.04326923076923077
1 0.3389423076923077 0.12860576923076920 0.04807692307692308 0.040865384615384616
1 0.4074519230769231 0.11298076923076923 0.06490384615384616 0.040865384615384616
1 0.4495192307692308 0.16706730769230768 0.0625 0.04326923076923077
1 0.5336538461538461 0.16105769230769230 0.06971153846153846 0.055288461538461536
1 0.7211538461538461 0.07451923076923077 0.0673076923076923 0.052884615384615384
1 0.8485576923076923 0.07572115384615384 0.07932692307692307 0.055288461538461536
1 0.8161057692307693 0.18629807692307693 0.06490384615384616 0.052884615384615384
1 0.46875 0.3293269230769231 0.06009615384615385 0.04807692307692308
1 0.3317307692307690 0.37740384615384615 0.052884615384615384 0.038461538461538464
1 0.7896634615384616 0.31850961538461536 0.07932692307692307 0.055288461538461536
1 0.5492788461538461 0.43028846153846156 0.07451923076923077 0.05048076923076923
1 0.10697115384615384 0.578125 0.038461538461538464 0.03365384615384615
1 0.16826923076923078 0.5901442307692307 0.04807692307692308 0.036057692307692304
1 0.13581730769230768 0.6610576923076923 0.04807692307692308 0.036057692307692304
1 0.21875 0.6177884615384616 0.04807692307692308 0.036057692307692304
1 0.22716346153846154 0.7151442307692307 0.04807692307692308 0.040865384615384616
1 0.28125 0.6766826923076923 0.06490384615384616 0.04567307692307692
1 0.4230769230769231 0.6141826923076923 0.0625 0.04326923076923077
1 0.5024038461538461 0.5504807692307693 0.0673076923076923 0.04567307692307692
1 0.828125 0.65625 0.07932692307692307 0.055288461538461536
1 0.43028846153846156 0.7896634615384616 0.0673076923076923 0.04567307692307692
1 0.6033653846153846 0.7848557692307693 0.0673076923076923 0.04807692307692308
1 0.10817307692307693 0.8689903846153846 0.04326923076923077 0.036057692307692304
1 0.09495192307692307 0.8978365384615384 0.04807692307692308 0.03125
0 0.1502403846153846 0.9903846153846154 0.055288461538461536 0.014423076923076924
1 0.18870192307692307 0.90625 0.04326923076923077 0.040865384615384616
1 0.4411057692307690 0.9759615384615384 0.05048076923076923 0.04326923076923077
1 0.5685096153846154 0.8918269230769231 0.0625 0.04326923076923077
1 0.7620192307692307 0.8774038461538461 0.06490384615384616 0.04567307692307692
1 0.8197115384615384 0.8978365384615384 0.0625 0.06009615384615385