1 0.23317307692307693 0.07211538461538461 0.09375 0.055288461538461536
1 0.28846153846153844 0.15865384615384615 0.08653846153846154 0.04567307692307692
1 0.18870192307692307 0.28725961538461536 0.0625 0.03125
1 0.2620192307692308 0.34134615384615385 0.10817307692307693 0.06009615384615385
1 0.18629807692307693 0.3545673076923077 0.0625 0.036057692307692304
1 0.23557692307692307 0.3954326923076923 0.08653846153846154 0.040865384615384616
1 0.46875 0.44591346153846156 0.09375 0.057692307692307696
1 0.22716346153846154 0.4651442307692308 0.0625 0.03125
1 0.21754807692307693 0.5180288461538461 0.07692307692307693 0.03125
1 0.22716346153846154 0.5516826923076923 0.09134615384615384 0.04567307692307692
1 0.25721153846153844 0.6033653846153846 0.07451923076923077 0.040865384615384616
1 0.2956730769230769 0.6442307692307693 0.09134615384615384 0.05048076923076923
1 0.3112980769230769 0.7043269230769231 0.0985576923076923 0.057692307692307696
1 0.19951923076923078 0.7512019230769231 0.08173076923076923 0.04326923076923077
0 0.19951923076923078 0.7956730769230769 0.06009615384615385 0.040865384615384616
1 0.17307692307692307 0.8701923076923077 0.09134615384615384 0.04567307692307692
1 0.19471153846153846 0.9278846153846154 0.09375 0.04567307692307692
1 0.19591346153846154 0.828125 0.052884615384615384 0.026442307692307692