1 0.890625 0.43149038461538464 0.11538461538461539 0.17548076923076922
1 0.7896634615384616 0.18028846153846154 0.125 0.19951923076923078
1 0.6850961538461539 0.5240384615384616 0.0673076923076923 0.10576923076923077
1 0.7620192307692307 0.5192307692307693 0.05048076923076923 0.0673076923076923
1 0.6983173076923077 0.6514423076923077 0.05048076923076923 0.07451923076923077
1 0.5853365384615384 0.6225961538461539 0.04567307692307690 0.09375
1 0.6225961538461539 0.6550480769230769 0.028846153846153848 0.04807692307692308
1 0.5228365384615384 0.5024038461538461 0.07211538461538461 0.1201923076923077
1 0.38100961538461536 0.6129807692307693 0.06971153846153846 0.1201923076923077
1 0.22956730769230768 0.6586538461538461 0.052884615384615384 0.09375
1 0.23798076923076920 0.4074519230769231 0.09375 0.14182692307692307
1 0.1346153846153846 0.12259615384615384 0.15144230769230768 0.20432692307692307
1 0.11298076923076923 0.6310096153846154 0.040865384615384616 0.07211538461538461
1 0.05048076923076923 0.5552884615384616 0.04807692307692308 0.0673076923076923
1 0.042067307692307696 0.2980769230769231 0.08413461538461539 0.22115384615384615
1 0.31490384615384615 0.5865384615384616 0.04567307692307690 0.07211538461538461
1 0.04807692307692308 0.65625 0.038461538461538464 0.04326923076923077