1 0.078125 0.8822115384615384 0.07211538461538461 0.040865384615384616
1 0.028846153846153848 0.8185096153846154 0.057692307692307696 0.040865384615384616
1 0.12620192307692307 0.8064903846153846 0.0625 0.040865384615384616
1 0.12379807692307693 0.71875 0.07692307692307693 0.04807692307692308
1 0.16706730769230768 0.6622596153846154 0.09615384615384616 0.07211538461538461
1 0.08653846153846154 0.5997596153846154 0.08173076923076923 0.04807692307692308
1 0.0985576923076923 0.5456730769230769 0.0625 0.036057692307692304
1 0.21995192307692307 0.41225961538461536 0.0985576923076923 0.057692307692307696
1 0.20673076923076920 0.328125 0.10336538461538461 0.06009615384615385
1 0.23197115384615385 0.21754807692307693 0.125 0.07932692307692307
1 0.26802884615384615 0.1346153846153846 0.10817307692307693 0.06971153846153846
1 0.2536057692307690 0.038461538461538464 0.07451923076923077 0.052884615384615384
0 0.5480769230769231 0.09254807692307693 0.08173076923076923 0.04567307692307692