0 0.3870192307692308 0.8533653846153846 0.11298076923076923 0.07932692307692307
0 0.25 0.8269230769230769 0.09134615384615384 0.06971153846153846
1 0.24158653846153846 0.7512019230769231 0.07932692307692307 0.06009615384615385
0 0.31009615384615385 0.7019230769230769 0.08413461538461539 0.057692307692307696
1 0.23798076923076920 0.6598557692307693 0.0889423076923077 0.055288461538461536
0 0.16105769230769230 0.7211538461538461 0.10336538461538461 0.06490384615384616
1 0.5685096153846154 0.8858173076923077 0.14903846153846154 0.06971153846153846
0 0.6346153846153846 0.8293269230769231 0.15384615384615385 0.09375
0 0.7536057692307693 0.7764423076923077 0.16346153846153846 0.09615384615384616
1 0.8461538461538461 0.6814903846153846 0.19951923076923078 0.1201923076923077
1 0.49278846153846156 0.6298076923076923 0.13701923076923078 0.08173076923076923
1 0.328125 0.6081730769230769 0.09615384615384616 0.07451923076923077
0 0.15865384615384615 0.5865384615384616 0.07211538461538461 0.04807692307692308
1 0.18389423076923078 0.49399038461538464 0.10096153846153846 0.055288461538461536
1 0.23557692307692307 0.5216346153846154 0.08653846153846154 0.040865384615384616
1 0.18870192307692307 0.44711538461538464 0.0889423076923077 0.055288461538461536
0 0.14543269230769230 0.3798076923076923 0.08413461538461539 0.04807692307692308
0 0.2247596153846154 0.34134615384615385 0.11778846153846154 0.07692307692307693
1 0.4423076923076923 0.5300480769230769 0.11298076923076923 0.06971153846153846
1 0.6141826923076923 0.5612980769230769 0.10817307692307693 0.07932692307692307
1 0.515625 0.43990384615384615 0.13701923076923078 0.07932692307692307
0 0.7908653846153846 0.5600961538461539 0.11057692307692307 0.057692307692307696
0 0.8209134615384616 0.6141826923076923 0.15865384615384615 0.06490384615384616
1 0.9110576923076923 0.4423076923076923 0.17307692307692307 0.11538461538461539
1 0.5769230769230769 0.36658653846153844 0.1346153846153846 0.08653846153846154
1 0.8088942307692307 0.3401442307692308 0.15384615384615385 0.07211538461538461
1 0.43028846153846156 0.31009615384615385 0.0985576923076923 0.0625
1 0.5588942307692307 0.25 0.11778846153846154 0.07211538461538461
0 0.14783653846153846 0.2704326923076923 0.09615384615384616 0.0625
0 0.265625 0.28966346153846156 0.0673076923076923 0.04567307692307692
0 0.18269230769230768 0.2283653846153846 0.08173076923076923 0.052884615384615384
1 0.16346153846153846 0.13221153846153846 0.08413461538461539 0.04326923076923077
0 0.29086538461538464 0.20793269230769230 0.08413461538461539 0.052884615384615384
1 0.5516826923076923 0.1658653846153846 0.0889423076923077 0.07932692307692307
0 0.7908653846153846 0.14783653846153846 0.1346153846153846 0.0985576923076923