1 0.7223557692307693 0.8028846153846154 0.07932692307692307 0.057692307692307696
1 0.7379807692307693 0.5865384615384616 0.10336538461538461 0.07211538461538461
1 0.7331730769230769 0.4170673076923077 0.0889423076923077 0.0625
0 0.7235576923076923 0.23798076923076920 0.07451923076923077 0.06009615384615385
0 0.6899038461538461 0.040865384615384616 0.07211538461538461 0.055288461538461536
0 0.8918269230769231 0.016826923076923076 0.04807692307692308 0.03365384615384615
0 0.9543269230769231 0.3425480769230769 0.038461538461538464 0.021634615384615384
0 0.9435096153846154 0.40625 0.028846153846153848 0.014423076923076924
0 0.8605769230769231 0.16466346153846154 0.02403846153846154 0.014423076923076924
0 0.8665865384615384 0.23798076923076920 0.021634615384615384 0.014423076923076924
0 0.8762019230769231 0.27403846153846156 0.021634615384615384 0.014423076923076924
1 0.9038461538461539 0.5420673076923077 0.028846153846153848 0.021634615384615384
0 0.8894230769230769 0.6117788461538461 0.021634615384615384 0.014423076923076924
0 0.9182692307692307 0.765625 0.02403846153846154 0.016826923076923076
0 0.9170673076923077 0.8269230769230769 0.03365384615384615 0.019230769230769232
0 0.9290865384615384 0.9110576923076923 0.03365384615384615 0.016826923076923076
0 0.9362980769230769 0.9663461538461539 0.02403846153846154 0.021634615384615384