1 0.6778846153846154 0.015625 0.08173076923076923 0.03125
1 0.6754807692307693 0.11658653846153846 0.07451923076923077 0.040865384615384616
1 0.6754807692307693 0.20793269230769230 0.07692307692307693 0.04567307692307692
1 0.7740384615384616 0.24639423076923078 0.07932692307692307 0.040865384615384616
1 0.7391826923076923 0.30649038461538464 0.08413461538461539 0.040865384615384616
1 0.7223557692307693 0.41466346153846156 0.08413461538461539 0.04567307692307692
1 0.7475961538461539 0.5396634615384616 0.07932692307692307 0.040865384615384616
1 0.7079326923076923 0.6298076923076923 0.06971153846153846 0.040865384615384616
1 0.7247596153846154 0.7199519230769231 0.07451923076923077 0.040865384615384616
1 0.6850961538461539 0.8185096153846154 0.07211538461538461 0.05048076923076923
1 0.7319711538461539 0.9302884615384616 0.08653846153846154 0.052884615384615384