1 0.9110576923076923 0.013221153846153846 0.052884615384615384 0.026442307692307692
1 0.9110576923076923 0.26322115384615385 0.08413461538461539 0.0625
1 0.7920673076923077 0.2127403846153846 0.09134615384615384 0.06490384615384616
0 0.921875 0.3629807692307690 0.07451923076923077 0.052884615384615384
1 0.7896634615384616 0.30288461538461536 0.11778846153846154 0.07932692307692307
1 0.24519230769230768 0.09375 0.32211538461538464 0.16105769230769232
0 0.8028846153846154 0.5480769230769231 0.07451923076923077 0.04326923076923077
0 0.7427884615384616 0.5180288461538461 0.09134615384615384 0.06971153846153846
1 0.5817307692307693 0.48197115384615385 0.12740384615384615 0.0889423076923077
1 0.8858173076923077 0.6346153846153846 0.10576923076923077 0.0673076923076923
1 0.8461538461538461 0.78125 0.0889423076923077 0.057692307692307696
1 0.5625 0.7728365384615384 0.11057692307692307 0.08653846153846154
1 0.7067307692307693 0.9086538461538461 0.0889423076923077 0.0673076923076923