0 0.0673076923076923 0.5877403846153846 0.12259615384615384 0.15625
0 0.026442307692307690 0.23197115384615385 0.052884615384615384 0.11298076923076923
1 0.056490384615384616 0.18629807692307693 0.07692307692307693 0.10336538461538461
1 0.20432692307692307 0.10336538461538461 0.07692307692307693 0.0985576923076923
0 0.14182692307692307 0.19110576923076920 0.09375 0.12259615384615384
0 0.21634615384615385 0.3449519230769231 0.06009615384615385 0.08173076923076923
0 0.21754807692307693 0.5456730769230769 0.11538461538461539 0.14423076923076922
0 0.19951923076923078 0.7175480769230769 0.12980769230769230 0.12980769230769232
1 0.31009615384615385 0.9038461538461539 0.18269230769230768 0.1875
0 0.39903846153846156 0.6875 0.17307692307692307 0.18990384615384615
0 0.2980769230769231 0.4230769230769231 0.11778846153846154 0.14423076923076922
0 0.25961538461538464 0.18269230769230768 0.0889423076923077 0.0889423076923077
0 0.3545673076923077 0.17548076923076920 0.08413461538461539 0.10336538461538461
1 0.4050480769230769 0.12379807692307693 0.09375 0.11057692307692307
1 0.4519230769230769 0.3557692307692308 0.1201923076923077 0.1466346153846154
0 0.5084134615384616 0.2512019230769231 0.08413461538461539 0.11298076923076923
0 0.5300480769230769 0.09134615384615384 0.10336538461538461 0.12980769230769232
0 0.6310096153846154 0.0625 0.08413461538461539 0.09134615384615384
0 0.6802884615384616 0.21394230769230768 0.08173076923076923 0.10336538461538461
1 0.6574519230769231 0.38461538461538464 0.1346153846153846 0.17307692307692307
0 0.6694711538461539 0.6262019230769231 0.1201923076923077 0.1466346153846154
1 0.8161057692307693 0.7247596153846154 0.13221153846153846 0.16105769230769232
1 0.8161057692307693 0.4170673076923077 0.12259615384615384 0.15625
0 0.7680288461538461 0.06610576923076923 0.08173076923076923 0.10576923076923077
0 0.8605769230769231 0.015625 0.0673076923076923 0.03125
1 0.8665865384615384 0.21754807692307693 0.09375 0.11057692307692307