1 0.6105769230769231 0.056490384615384616 0.10096153846153846 0.07451923076923077
0 0.5853365384615384 0.21754807692307693 0.08173076923076923 0.0625
1 0.6947115384615384 0.29927884615384615 0.09615384615384616 0.06971153846153846
1 0.29447115384615385 0.4074519230769231 0.21153846153846154 0.13942307692307693
1 0.5072115384615384 0.40384615384615385 0.14423076923076920 0.11057692307692307
1 0.7463942307692307 0.4807692307692308 0.06490384615384616 0.040865384615384616
1 0.5901442307692307 0.5985576923076923 0.17067307692307693 0.1201923076923077
0 0.8257211538461539 0.6081730769230769 0.07692307692307693 0.04807692307692308
1 0.7331730769230769 0.6490384615384616 0.08173076923076923 0.057692307692307696
1 0.6081730769230769 0.7548076923076923 0.10336538461538461 0.07692307692307693
1 0.7776442307692307 0.7391826923076923 0.08653846153846154 0.06490384615384616
1 0.5576923076923077 0.8882211538461539 0.18509615384615385 0.14903846153846154
1 0.8725961538461539 0.859375 0.0673076923076923 0.05048076923076923
1 0.8569711538461539 0.8052884615384616 0.07451923076923077 0.05048076923076923
1 0.2956730769230769 0.06129807692307690 0.12740384615384615 0.07692307692307693