1 0.9771634615384616 0.9362980769230769 0.040865384615384616 0.05048076923076923
1 0.7139423076923077 0.9230769230769231 0.06009615384615385 0.08173076923076923
1 0.7716346153846154 0.8064903846153846 0.06009615384615385 0.0889423076923077
0 0.6141826923076923 0.9278846153846154 0.04807692307692308 0.07211538461538461
1 0.6814903846153846 0.7992788461538461 0.07451923076923077 0.11538461538461539
1 0.9182692307692307 0.2668269230769231 0.1466346153846154 0.3173076923076923
0 0.4362980769230769 0.8004807692307693 0.038461538461538464 0.07211538461538461
0 0.46875 0.7415865384615384 0.06490384615384616 0.0889423076923077
1 0.5132211538461539 0.5817307692307693 0.08173076923076923 0.12259615384615384
1 0.3449519230769231 0.8774038461538461 0.0625 0.10336538461538461
1 0.20072115384615385 0.8317307692307693 0.05048076923076923 0.08653846153846154
1 0.2247596153846154 0.5480769230769231 0.08173076923076923 0.10576923076923077
1 0.08052884615384616 0.6850961538461539 0.06490384615384616 0.08653846153846154