0 0.26322115384615385 0.08774038461538461 0.18509615384615385 0.125
0 0.13581730769230768 0.2091346153846154 0.08653846153846154 0.06971153846153846
1 0.21634615384615385 0.33413461538461536 0.0889423076923077 0.04807692307692308
1 0.34975961538461536 0.4014423076923077 0.1346153846153846 0.09134615384615384
1 0.765625 0.27403846153846156 0.31971153846153844 0.2283653846153846
1 0.6802884615384616 0.5733173076923077 0.3173076923076923 0.21634615384615385
1 0.3894230769230769 0.6117788461538461 0.17067307692307693 0.10817307692307693
1 0.25 0.4795673076923077 0.11778846153846154 0.07692307692307693
0 0.21514423076923078 0.8125 0.1346153846153846 0.09375
1 0.109375 0.9182692307692307 0.1201923076923077 0.0985576923076923
1 0.25600961538461536 0.9423076923076923 0.14903846153846154 0.09134615384615384
1 0.5324519230769231 0.7908653846153846 0.19230769230769230 0.125