0 0.05889423076923077 0.4963942307692308 0.10096153846153846 0.14423076923076922
0 0.0673076923076923 0.8581730769230769 0.07211538461538461 0.0985576923076923
1 0.12379807692307693 0.8930288461538461 0.06009615384615385 0.09615384615384616
1 0.2848557692307690 0.9447115384615384 0.06490384615384616 0.08653846153846154
0 0.20793269230769230 0.8713942307692307 0.07451923076923077 0.11057692307692307
0 0.2512019230769231 0.7055288461538461 0.04807692307692308 0.07692307692307693
0 0.21394230769230768 0.5096153846153846 0.09375 0.13221153846153846
0 0.16346153846153846 0.34375 0.11298076923076923 0.11298076923076923
1 0.23076923076923078 0.11298076923076923 0.14423076923076920 0.22596153846153846
0 0.36538461538461536 0.33533653846153844 0.1466346153846154 0.16826923076923078
0 0.3173076923076923 0.6141826923076923 0.0985576923076923 0.12980769230769232
0 0.3245192307692308 0.8569711538461539 0.07692307692307693 0.07932692307692307
0 0.41947115384615385 0.8461538461538461 0.06971153846153846 0.09375
1 0.47836538461538464 0.8882211538461539 0.07692307692307693 0.10096153846153846
1 0.4795673076923077 0.6502403846153846 0.0985576923076923 0.13221153846153846
0 0.5564903846153846 0.7427884615384616 0.0673076923076923 0.10336538461538461
0 0.6081730769230769 0.8954326923076923 0.08173076923076923 0.1201923076923077
0 0.7127403846153846 0.9050480769230769 0.07211538461538461 0.07932692307692307
0 0.7319711538461539 0.7463942307692307 0.0673076923076923 0.09375
1 0.6766826923076923 0.5841346153846154 0.10817307692307693 0.15865384615384615
0 0.6418269230769231 0.34375 0.0985576923076923 0.13221153846153846
1 0.7680288461538461 0.21875 0.10817307692307693 0.1466346153846154
1 0.8257211538461539 0.5204326923076923 0.0985576923076923 0.14423076923076922
0 0.8461538461538461 0.875 0.06490384615384616 0.09615384615384616
0 0.9519230769230769 0.9362980769230769 0.052884615384615384 0.07932692307692307
1 0.9134615384615384 0.7067307692307693 0.07692307692307693 0.10096153846153846