1 0.6682692307692307 0.31971153846153844 0.1201923076923077 0.0889423076923077
1 0.8076923076923077 0.17668269230769230 0.11538461538461539 0.07692307692307693
1 0.7824519230769231 0.4170673076923077 0.13221153846153846 0.0889423076923077
1 0.546875 0.6213942307692307 0.09375 0.07451923076923077
1 0.6418269230769231 0.6033653846153846 0.09615384615384616 0.07211538461538461
1 0.5228365384615384 0.953125 0.24759615384615385 0.0889423076923077
1 0.6057692307692307 0.6983173076923077 0.07451923076923077 0.057692307692307696
1 0.6213942307692307 0.7644230769230769 0.07692307692307693 0.0673076923076923
1 0.5877403846153846 0.9375 0.06490384615384616 0.05048076923076923
1 0.6141826923076923 0.8377403846153846 0.055288461538461536 0.04807692307692308
1 0.6310096153846154 0.8870192307692307 0.04326923076923077 0.028846153846153848
1 0.7151442307692307 0.5384615384615384 0.04807692307692308 0.038461538461538464