1 0.8100961538461539 0.28725961538461536 0.055288461538461536 0.07692307692307693
1 0.5949519230769231 0.265625 0.06971153846153846 0.10096153846153846
1 0.4254807692307690 0.2644230769230769 0.06009615384615385 0.08653846153846154
0 0.24639423076923078 0.26802884615384615 0.057692307692307696 0.07211538461538461
0 0.04807692307692308 0.29447115384615385 0.055288461538461536 0.06971153846153846
0 0.028846153846153848 0.09254807692307693 0.03365384615384615 0.04326923076923077
0 0.3581730769230769 0.040865384615384616 0.019230769230769230 0.038461538461538464
0 0.4206730769230769 0.052884615384615384 0.01201923076923077 0.028846153846153848
0 0.1778846153846154 0.12860576923076920 0.01201923076923077 0.02403846153846154
0 0.2512019230769231 0.125 0.014423076923076924 0.021634615384615384
0 0.28725961538461536 0.11658653846153846 0.014423076923076924 0.021634615384615384
1 0.5564903846153846 0.09735576923076923 0.019230769230769230 0.028846153846153848
0 0.625 0.1141826923076923 0.014423076923076924 0.021634615384615384
0 0.7800480769230769 0.09134615384615384 0.014423076923076924 0.02403846153846154
0 0.8413461538461539 0.09495192307692307 0.019230769230769230 0.03365384615384615
0 0.9254807692307693 0.08533653846153846 0.014423076923076924 0.03365384615384615
0 0.9807692307692307 0.08052884615384616 0.019230769230769230 0.02403846153846154