1 0.20432692307692307 0.25240384615384615 0.07692307692307693 0.05048076923076923
1 0.23677884615384615 0.3894230769230769 0.04807692307692308 0.028846153846153848
0 0.21634615384615385 0.42908653846153844 0.052884615384615384 0.03365384615384615
0 0.29447115384615385 0.45072115384615385 0.038461538461538464 0.03365384615384615
0 0.23677884615384615 0.4987980769230769 0.0625 0.03365384615384615
1 0.21153846153846154 0.6057692307692307 0.040865384615384616 0.02403846153846154
1 0.2920673076923077 0.6418269230769231 0.0625 0.03365384615384615
1 0.28725961538461536 0.7451923076923077 0.07211538461538461 0.03365384615384615
0 0.2403846153846154 0.8233173076923077 0.07692307692307693 0.04807692307692308
1 0.2848557692307690 0.9098557692307693 0.08413461538461539 0.05048076923076923
0 0.2920673076923077 0.33653846153846156 0.03365384615384615 0.028846153846153848