1 0.37259615384615385 0.41225961538461536 0.2620192307692308 0.21153846153846154
1 0.08052884615384616 0.16706730769230768 0.16105769230769230 0.18509615384615385
1 0.6033653846153846 0.06850961538461539 0.1875 0.13701923076923078
1 0.6454326923076923 0.3016826923076923 0.16105769230769230 0.14182692307692307
1 0.6778846153846154 0.6213942307692307 0.21153846153846154 0.18269230769230768
1 0.8209134615384616 0.4543269230769231 0.1778846153846154 0.13942307692307693
1 0.9314903846153846 0.6478365384615384 0.13221153846153846 0.12740384615384615
1 0.5588942307692307 0.019230769230769230 0.12259615384615384 0.038461538461538464
1 0.9435096153846154 0.7752403846153846 0.10817307692307693 0.12259615384615384
1 0.9266826923076923 0.5516826923076923 0.125 0.09134615384615384
0 0.7836538461538461 0.37259615384615385 0.11538461538461539 0.09134615384615384
0 0.8064903846153846 0.8521634615384616 0.19951923076923078 0.17067307692307693