1 0.6418269230769231 0.6670673076923077 0.0625 0.1875
1 0.9254807692307693 0.6225961538461539 0.08173076923076923 0.16105769230769232
1 0.8329326923076923 0.7223557692307693 0.06490384615384616 0.1466346153846154
1 0.6117788461538461 0.5084134615384616 0.0625 0.1466346153846154
1 0.5588942307692307 0.6466346153846154 0.057692307692307696 0.12980769230769232
1 0.40024038461538464 0.7175480769230769 0.09615384615384616 0.15384615384615385
1 0.7608173076923077 0.6802884615384616 0.038461538461538464 0.11538461538461539
0 0.3605769230769231 0.5132211538461539 0.10096153846153846 0.21634615384615385
0 0.2403846153846154 0.5733173076923077 0.06971153846153846 0.15865384615384615
0 0.04927884615384615 0.6646634615384616 0.052884615384615384 0.1201923076923077
0 0.019230769230769230 0.6694711538461539 0.03365384615384615 0.1466346153846154