0 0.08653846153846154 0.8930288461538461 0.0673076923076923 0.040865384615384616
0 0.21394230769230768 0.8233173076923077 0.0673076923076923 0.04807692307692308
0 0.37259615384615385 0.8341346153846154 0.07692307692307693 0.052884615384615384
1 0.5492788461538461 0.8653846153846154 0.07211538461538461 0.05048076923076923
0 0.1502403846153846 0.5288461538461539 0.0673076923076923 0.04326923076923077
1 0.30288461538461536 0.5721153846153846 0.0673076923076923 0.05048076923076923
1 0.40024038461538464 0.53125 0.0673076923076923 0.04807692307692308
1 0.5745192307692307 0.5564903846153846 0.07692307692307693 0.052884615384615384
1 0.06129807692307690 0.25961538461538464 0.0625 0.04326923076923077
1 0.16346153846153846 0.18028846153846154 0.0625 0.05048076923076923
0 0.28846153846153844 0.1935096153846154 0.052884615384615384 0.04326923076923077
0 0.4254807692307690 0.2980769230769231 0.07211538461538461 0.04326923076923077
1 0.6237980769230769 0.20793269230769230 0.040865384615384616 0.05048076923076923