0 0.9134615384615384 0.9795673076923077 0.0673076923076923 0.036057692307692304
1 0.9362980769230769 0.6923076923076923 0.0625 0.0985576923076923
1 0.7355769230769231 0.7584134615384616 0.0673076923076923 0.08653846153846154
1 0.6802884615384616 0.9507211538461539 0.07211538461538461 0.09375
0 0.9350961538461539 0.5685096153846154 0.057692307692307696 0.09134615384615384
1 0.9891826923076923 0.16466346153846154 0.016826923076923076 0.13701923076923078
1 0.9278846153846154 0.2548076923076923 0.07932692307692307 0.1201923076923077
0 0.8737980769230769 0.32091346153846156 0.06490384615384616 0.11538461538461539
1 0.75 0.5348557692307693 0.0625 0.0985576923076923
1 0.47596153846153844 0.8641826923076923 0.06971153846153846 0.08173076923076923
1 0.4963942307692308 0.7331730769230769 0.07451923076923077 0.0985576923076923
1 0.49158653846153844 0.5805288461538461 0.06971153846153846 0.0985576923076923
1 0.6706730769230769 0.09134615384615384 0.07932692307692307 0.11538461538461539
1 0.5 0.25240384615384615 0.07932692307692307 0.0985576923076923
1 0.4543269230769231 0.17307692307692307 0.08413461538461539 0.11778846153846154
1 0.3389423076923077 0.5024038461538461 0.0625 0.09134615384615384
1 0.2980769230769231 0.7211538461538461 0.06971153846153846 0.09615384615384616
1 0.20432692307692307 0.7175480769230769 0.06971153846153846 0.10576923076923077
1 0.11057692307692307 0.8870192307692307 0.05048076923076923 0.07451923076923077
1 0.051682692307692304 0.6237980769230769 0.07451923076923077 0.08653846153846154
1 0.046875 0.3233173076923077 0.06971153846153846 0.09134615384615384