1 0.08653846153846154 0.8028846153846154 0.06490384615384616 0.10336538461538461
1 0.15144230769230768 0.8137019230769231 0.07451923076923077 0.10336538461538461
1 0.3329326923076923 0.8846153846153846 0.057692307692307696 0.09615384615384616
1 0.265625 0.6971153846153846 0.06009615384615385 0.11057692307692307
1 0.3485576923076923 0.7271634615384616 0.06490384615384616 0.10817307692307693
1 0.42788461538461536 0.7043269230769231 0.07451923076923077 0.11298076923076923
1 0.4891826923076923 0.7740384615384616 0.07211538461538461 0.0985576923076923
1 0.5444711538461539 0.7115384615384616 0.07211538461538461 0.10817307692307693
1 0.6081730769230769 0.7367788461538461 0.07692307692307693 0.11298076923076923
1 0.7247596153846154 0.6899038461538461 0.06490384615384616 0.09615384615384616
1 0.7764423076923077 0.6742788461538461 0.06009615384615385 0.11057692307692307
1 0.8725961538461539 0.6947115384615384 0.08173076923076923 0.12259615384615384
1 0.96875 0.6923076923076923 0.057692307692307696 0.11538461538461539
1 0.390625 0.8245192307692307 0.0673076923076923 0.09615384615384616
1 0.9903846153846154 0.5396634615384616 0.014423076923076924 0.0889423076923077