0 0.3485576923076923 0.10096153846153846 0.14182692307692307 0.08173076923076923
0 0.46274038461538464 0.17908653846153846 0.11298076923076923 0.07451923076923077
0 0.6346153846153846 0.20552884615384615 0.1466346153846154 0.08413461538461539
0 0.30408653846153844 0.22115384615384615 0.14182692307692307 0.07692307692307693
0 0.5673076923076923 0.3425480769230769 0.17067307692307693 0.09375
1 0.5841346153846154 0.4543269230769231 0.20432692307692307 0.11538461538461539
0 0.3016826923076923 0.515625 0.13942307692307693 0.07211538461538461
0 0.6502403846153846 0.625 0.16826923076923078 0.10096153846153846
0 0.4807692307692308 0.6189903846153846 0.14182692307692307 0.08173076923076923
1 0.5925480769230769 0.8966346153846154 0.1971153846153846 0.10336538461538461
0 0.29927884615384615 0.9387019230769231 0.125 0.06971153846153846
0 0.13221153846153846 0.6490384615384616 0.11057692307692307 0.0673076923076923
0 0.15745192307692307 0.8389423076923077 0.08653846153846154 0.052884615384615384
0 0.2800480769230769 0.4543269230769231 0.10336538461538461 0.0673076923076923