1 0.22716346153846154 0.2536057692307690 0.05048076923076923 0.0673076923076923
1 0.3449519230769231 0.2668269230769231 0.052884615384615384 0.07211538461538461
1 0.45552884615384615 0.30528846153846156 0.0625 0.07932692307692307
1 0.12980769230769230 0.2283653846153846 0.03125 0.04567307692307692
1 0.3473557692307690 0.20192307692307693 0.036057692307692304 0.05048076923076923
1 0.2776442307692308 0.203125 0.02403846153846154 0.040865384615384616
1 0.4326923076923077 0.24759615384615385 0.055288461538461536 0.07692307692307693
1 0.8810096153846154 0.33052884615384615 0.05048076923076923 0.0673076923076923
1 0.7307692307692307 0.2668269230769231 0.05048076923076923 0.0673076923076923
1 0.6274038461538461 0.2668269230769231 0.05048076923076923 0.0673076923076923
0 0.7860576923076923 0.296875 0.04326923076923077 0.08653846153846154
1 0.9278846153846154 0.27163461538461536 0.036057692307692304 0.055288461538461536
1 0.125 0.2800480769230769 0.026442307692307690 0.06009615384615385