1 0.23557692307692307 0.9375 0.22115384615384615 0.11538461538461539
1 0.375 0.6610576923076923 0.15384615384615385 0.07692307692307693
1 0.21754807692307693 0.5745192307692307 0.0889423076923077 0.03365384615384615
1 0.23798076923076920 0.4807692307692308 0.13942307692307693 0.0673076923076923
1 0.2620192307692308 0.10336538461538461 0.07211538461538461 0.038461538461538464
0 0.27283653846153844 0.038461538461538464 0.07692307692307693 0.03365384615384615
0 0.24278846153846154 0.21875 0.08413461538461539 0.04326923076923077
0 0.23317307692307693 0.28125 0.08413461538461539 0.038461538461538464
0 0.23798076923076920 0.3581730769230769 0.11057692307692307 0.04326923076923077
0 0.2536057692307690 0.7872596153846154 0.09615384615384616 0.055288461538461536
0 0.24639423076923078 0.8449519230769231 0.04807692307692308 0.026442307692307692