1 0.23197115384615385 0.2920673076923077 0.036057692307692304 0.04567307692307692
0 0.3173076923076923 0.30288461538461536 0.04807692307692308 0.055288461538461536
1 0.4362980769230769 0.24158653846153846 0.05048076923076923 0.06971153846153846
1 0.5721153846153846 0.27403846153846156 0.06009615384615385 0.07451923076923077
1 0.6802884615384616 0.28725961538461536 0.055288461538461536 0.07451923076923077
1 0.7920673076923077 0.23798076923076920 0.07692307692307693 0.09615384615384616
1 0.9278846153846154 0.19831730769230768 0.057692307692307696 0.11538461538461539
1 0.18509615384615385 0.3389423076923077 0.03125 0.04326923076923077
1 0.15264423076923078 0.31850961538461536 0.03125 0.04567307692307692
1 0.11538461538461539 0.328125 0.026442307692307690 0.040865384615384616
1 0.08052884615384616 0.3317307692307690 0.028846153846153848 0.03365384615384615