1 0.8317307692307693 0.13701923076923078 0.06490384615384616 0.04567307692307692
1 0.8100961538461539 0.22355769230769230 0.07932692307692307 0.05048076923076923
0 0.8509615384615384 0.28365384615384615 0.04567307692307690 0.036057692307692304
0 0.8858173076923077 0.3233173076923077 0.06490384615384616 0.04807692307692308
0 0.8305288461538461 0.41346153846153844 0.06971153846153846 0.055288461538461536
1 0.7608173076923077 0.5516826923076923 0.10096153846153846 0.06971153846153846
0 0.8100961538461539 0.5949519230769231 0.06009615384615385 0.03365384615384615
0 0.8004807692307693 0.65625 0.07451923076923077 0.055288461538461536
0 0.7992788461538461 0.71875 0.07451923076923077 0.055288461538461536
1 0.7884615384615384 0.8834134615384616 0.11057692307692307 0.07692307692307693
1 0.8221153846153846 0.8161057692307693 0.04807692307692308 0.036057692307692304
1 0.7608173076923077 0.7728365384615384 0.04567307692307690 0.03125
0 0.9134615384615384 0.12980769230769230 0.057692307692307696 0.038461538461538464