1 0.21875 0.9290865384615384 0.10096153846153846 0.06009615384615385
1 0.20552884615384615 0.8641826923076923 0.10096153846153846 0.06971153846153846
1 0.125 0.6862980769230769 0.09615384615384616 0.052884615384615384
1 0.31490384615384615 0.7439903846153846 0.11057692307692307 0.055288461538461536
1 0.28125 0.6634615384615384 0.10576923076923077 0.06009615384615385
1 0.29927884615384615 0.5829326923076923 0.11057692307692307 0.0673076923076923
1 0.22716346153846154 0.5252403846153846 0.09615384615384616 0.0673076923076923
1 0.2860576923076923 0.46634615384615385 0.10576923076923077 0.0673076923076923
1 0.25721153846153844 0.40384615384615385 0.11057692307692307 0.06971153846153846
1 0.29927884615384615 0.2860576923076923 0.09375 0.06009615384615385
1 0.3112980769230769 0.23197115384615385 0.11057692307692307 0.055288461538461536
1 0.2860576923076923 0.13822115384615385 0.1201923076923077 0.07692307692307693
1 0.2848557692307690 0.03485576923076923 0.11298076923076923 0.06971153846153846
1 0.18269230769230768 0.6262019230769231 0.09375 0.0625
1 0.4362980769230769 0.009615384615384616 0.0889423076923077 0.019230769230769232