1 0.030048076923076924 0.6153846153846154 0.03365384615384615 0.04807692307692308
1 0.1466346153846154 0.8858173076923077 0.026442307692307690 0.038461538461538464
1 0.08052884615384616 0.5817307692307693 0.03365384615384615 0.04807692307692308
1 0.14543269230769230 0.578125 0.03365384615384615 0.057692307692307696
0 0.15264423076923078 0.7055288461538461 0.03365384615384615 0.052884615384615384
0 0.21634615384615385 0.7764423076923077 0.028846153846153848 0.04567307692307692
1 0.1141826923076923 0.453125 0.03365384615384615 0.04807692307692308
1 0.1658653846153846 0.45072115384615385 0.021634615384615384 0.04567307692307692
0 0.10697115384615384 0.3473557692307690 0.03125 0.04326923076923077
1 0.028846153846153848 0.24639423076923078 0.026442307692307690 0.040865384615384616
1 0.3161057692307690 0.7295673076923077 0.040865384615384616 0.0625
1 0.42427884615384615 0.9206730769230769 0.04567307692307690 0.0625
1 0.3329326923076923 0.6610576923076923 0.03365384615384615 0.057692307692307696
0 0.29927884615384615 0.5240384615384616 0.026442307692307690 0.040865384615384616
1 0.2620192307692308 0.46153846153846156 0.028846153846153848 0.04567307692307692
1 0.37259615384615385 0.515625 0.028846153846153848 0.04567307692307692
1 0.4362980769230769 0.7163461538461539 0.038461538461538464 0.057692307692307696
1 0.4963942307692308 0.8221153846153846 0.040865384615384616 0.0673076923076923
1 0.46274038461538464 0.8149038461538461 0.040865384615384616 0.0673076923076923
1 0.5673076923076923 0.9110576923076923 0.028846153846153848 0.04567307692307692
1 0.5240384615384616 0.6538461538461539 0.040865384615384616 0.0625
1 0.4963942307692308 0.6081730769230769 0.040865384615384616 0.04326923076923077
1 0.4423076923076923 0.4639423076923077 0.036057692307692304 0.04807692307692308
1 0.33533653846153844 0.40625 0.036057692307692304 0.04807692307692308
1 0.18629807692307693 0.32091346153846156 0.028846153846153848 0.036057692307692304
0 0.16826923076923078 0.2848557692307690 0.026442307692307690 0.040865384615384616
0 0.23557692307692307 0.3233173076923077 0.03365384615384615 0.04807692307692308
0 0.26322115384615385 0.28846153846153844 0.026442307692307690 0.038461538461538464
1 0.33653846153846156 0.30288461538461536 0.03125 0.04326923076923077
1 0.30288461538461536 0.24158653846153846 0.03125 0.04326923076923077
1 0.19471153846153846 0.13581730769230768 0.026442307692307690 0.038461538461538464
1 0.22235576923076920 0.0985576923076923 0.021634615384615384 0.038461538461538464
1 0.27283653846153844 0.20552884615384615 0.026442307692307690 0.038461538461538464
1 0.3449519230769231 0.18269230769230768 0.026442307692307690 0.03365384615384615
1 0.1971153846153846 0.2620192307692308 0.026442307692307690 0.038461538461538464
1 0.41346153846153844 0.390625 0.03125 0.04326923076923077
1 0.4362980769230769 0.3269230769230769 0.03365384615384615 0.052884615384615384
1 0.47716346153846156 0.36538461538461536 0.03365384615384615 0.04807692307692308
1 0.5144230769230769 0.47836538461538464 0.026442307692307690 0.040865384615384616
1 0.7067307692307693 0.8413461538461539 0.04567307692307690 0.0625
1 0.7680288461538461 0.9194711538461539 0.04567307692307690 0.0625
1 0.6346153846153846 0.5444711538461539 0.03125 0.04326923076923077
1 0.6069711538461539 0.3786057692307690 0.03125 0.040865384615384616
1 0.5360576923076923 0.37259615384615385 0.03365384615384615 0.04807692307692308
1 0.546875 0.3329326923076923 0.026442307692307690 0.038461538461538464
1 0.5384615384615384 0.2668269230769231 0.026442307692307690 0.038461538461538464
1 0.4675480769230769 0.20432692307692307 0.026442307692307690 0.038461538461538464
1 0.23317307692307693 0.06129807692307690 0.021634615384615384 0.03365384615384615
0 0.32572115384615385 0.0733173076923077 0.019230769230769230 0.03365384615384615
1 0.35336538461538464 0.051682692307692304 0.026442307692307690 0.038461538461538464
1 0.43028846153846156 0.08052884615384616 0.026442307692307690 0.038461538461538464
1 0.46274038461538464 0.026442307692307690 0.021634615384615384 0.03365384615384615
1 0.5733173076923077 0.1141826923076923 0.026442307692307690 0.038461538461538464
0 0.5889423076923077 0.0829326923076923 0.02403846153846154 0.028846153846153848
1 0.6129807692307693 0.2536057692307690 0.026442307692307690 0.03365384615384615
1 0.6730769230769231 0.35336538461538464 0.026442307692307690 0.040865384615384616
1 0.7475961538461539 0.5625 0.038461538461538464 0.057692307692307696
1 0.7091346153846154 0.39903846153846156 0.03365384615384615 0.04807692307692308
1 0.7427884615384616 0.4411057692307690 0.03365384615384615 0.04807692307692308
1 0.7403846153846154 0.36538461538461536 0.03365384615384615 0.04807692307692308
1 0.7704326923076923 0.53125 0.03365384615384615 0.04807692307692308
1 0.6141826923076923 0.039663461538461536 0.021634615384615384 0.03365384615384615
1 0.5649038461538461 0.004807692307692308 0.028846153846153848 0.009615384615384616
1 0.6670673076923077 0.003605769230769231 0.021634615384615384 0.007211538461538462
0 0.6766826923076923 0.03125 0.021634615384615384 0.03365384615384615
0 0.6658653846153846 0.1141826923076923 0.021634615384615384 0.03365384615384615
1 0.7427884615384616 0.14903846153846154 0.026442307692307690 0.040865384615384616
1 0.7752403846153846 0.04567307692307690 0.026442307692307690 0.03365384615384615
1 0.8185096153846154 0.03245192307692308 0.026442307692307690 0.03365384615384615
1 0.8209134615384616 0.10697115384615384 0.026442307692307690 0.038461538461538464
1 0.8293269230769231 0.18389423076923078 0.03125 0.04326923076923077
1 0.8040865384615384 0.22115384615384615 0.026442307692307690 0.040865384615384616
1 0.8605769230769231 0.2283653846153846 0.026442307692307690 0.040865384615384616
1 0.8882211538461539 0.16105769230769230 0.016826923076923076 0.028846153846153848
1 0.8882211538461539 0.2920673076923077 0.03365384615384615 0.04807692307692308
1 0.9362980769230769 0.36177884615384615 0.03125 0.04326923076923077
1 0.9170673076923077 0.21394230769230768 0.028846153846153848 0.04567307692307692
1 0.7608173076923077 0.013221153846153846 0.021634615384615384 0.026442307692307692
1 0.9867788461538461 0.48197115384615385 0.021634615384615384 0.055288461538461536
1 0.9314903846153846 0.41947115384615385 0.03125 0.040865384615384616