1 0.2932692307692308 0.0673076923076923 0.09375 0.057692307692307696
1 0.3425480769230769 0.15504807692307693 0.09134615384615384 0.05048076923076923
1 0.30528846153846156 0.33413461538461536 0.10576923076923077 0.06490384615384616
1 0.2860576923076923 0.38822115384615385 0.09134615384615384 0.05048076923076923
1 0.5120192307692307 0.45072115384615385 0.10817307692307693 0.0625
1 0.27283653846153844 0.46153846153846156 0.06490384615384616 0.03365384615384615
1 0.25721153846153844 0.5096153846153846 0.08653846153846154 0.03365384615384615
1 0.26802884615384615 0.5432692307692307 0.09375 0.05048076923076923
1 0.2980769230769231 0.5973557692307693 0.08173076923076923 0.04326923076923077
1 0.3329326923076923 0.6382211538461539 0.09375 0.05048076923076923
1 0.35096153846153844 0.703125 0.11298076923076923 0.0625
1 0.23197115384615385 0.7463942307692307 0.07932692307692307 0.040865384615384616
0 0.234375 0.7884615384615384 0.06009615384615385 0.04807692307692308
1 0.203125 0.859375 0.08653846153846154 0.04807692307692308
1 0.21995192307692307 0.9194711538461539 0.09375 0.057692307692307696
1 0.23798076923076920 0.3485576923076923 0.06971153846153846 0.04326923076923077
1 0.2403846153846154 0.28125 0.06490384615384616 0.04326923076923077