1 0.028846153846153848 0.390625 0.057692307692307696 0.08413461538461539
1 0.08413461538461539 0.6971153846153846 0.03365384615384615 0.057692307692307696
1 0.16826923076923078 0.6899038461538461 0.04567307692307690 0.0625
0 0.06370192307692307 0.5985576923076923 0.038461538461538464 0.0673076923076923
0 0.027644230769230768 0.5805288461538461 0.038461538461538464 0.07451923076923077
1 0.3581730769230769 0.7788461538461539 0.07451923076923077 0.09615384615384616
1 0.42788461538461536 0.7487980769230769 0.06971153846153846 0.08653846153846154
1 0.5324519230769231 0.7007211538461539 0.07692307692307693 0.10336538461538461
1 0.6814903846153846 0.6526442307692307 0.06490384615384616 0.09134615384615384
1 0.7956730769230769 0.6526442307692307 0.07692307692307693 0.10336538461538461
1 0.9807692307692307 0.5096153846153846 0.03365384615384615 0.0625
0 0.9615384615384616 0.39302884615384615 0.055288461538461536 0.08173076923076923