1 0.3449519230769231 0.8016826923076923 0.038461538461538464 0.04567307692307692
0 0.4170673076923077 0.7560096153846154 0.04807692307692308 0.055288461538461536
1 0.5516826923076923 0.7608173076923077 0.052884615384615384 0.06971153846153846
1 0.6610576923076923 0.6742788461538461 0.0625 0.07692307692307693
1 0.7536057692307693 0.6165865384615384 0.057692307692307696 0.07692307692307693
1 0.875 0.6141826923076923 0.08173076923076923 0.0985576923076923
1 0.9903846153846154 0.59375 0.014423076923076924 0.1201923076923077
1 0.2824519230769231 0.7800480769230769 0.03365384615384615 0.04326923076923077
1 0.2620192307692308 0.8112980769230769 0.03365384615384615 0.04567307692307692
1 0.22355769230769230 0.8173076923076923 0.028846153846153848 0.040865384615384616
1 0.19110576923076920 0.8293269230769231 0.03125 0.03365384615384615