0 0.6634615384615384 0.06009615384615385 0.11778846153846154 0.08413461538461539
1 0.734375 0.18269230769230768 0.07692307692307693 0.055288461538461536
1 0.7391826923076923 0.22115384615384615 0.055288461538461536 0.04326923076923077
1 0.7740384615384616 0.28365384615384615 0.0673076923076923 0.04567307692307692
1 0.5348557692307693 0.19951923076923078 0.11778846153846154 0.08653846153846154
1 0.4362980769230769 0.31971153846153844 0.1778846153846154 0.125
1 0.7680288461538461 0.33533653846153844 0.052884615384615384 0.03365384615384615
1 0.7379807692307693 0.36538461538461536 0.057692307692307696 0.04326923076923077
1 0.6959134615384616 0.4423076923076923 0.11298076923076923 0.0673076923076923
1 0.7884615384615384 0.49038461538461536 0.07692307692307693 0.04567307692307692
1 0.5985576923076923 0.6550480769230769 0.14903846153846154 0.11057692307692307
1 0.21634615384615385 0.9170673076923077 0.27403846153846156 0.16105769230769232
1 0.765625 0.7223557692307693 0.0985576923076923 0.07451923076923077