1 0.8737980769230769 0.8004807692307693 0.06971153846153846 0.10096153846153846
1 0.11778846153846154 0.8293269230769231 0.055288461538461536 0.07211538461538461
1 0.6706730769230769 0.7920673076923077 0.055288461538461536 0.07932692307692307
1 0.7259615384615384 0.6850961538461539 0.038461538461538464 0.055288461538461536
0 0.9519230769230769 0.6634615384615384 0.055288461538461536 0.08173076923076923
0 0.5036057692307693 0.8040865384615384 0.06490384615384616 0.10576923076923077
0 0.13701923076923078 0.7536057692307693 0.06490384615384616 0.0985576923076923
0 0.05048076923076923 0.8401442307692307 0.05048076923076923 0.07451923076923077
0 0.21394230769230768 0.7307692307692307 0.0625 0.09134615384615384
0 0.25721153846153844 0.7896634615384616 0.04326923076923077 0.0625
0 0.3858173076923077 0.7668269230769231 0.04807692307692308 0.0625
0 0.625 0.7752403846153846 0.04807692307692308 0.06490384615384616
0 0.7524038461538461 0.8257211538461539 0.052884615384615384 0.07211538461538461