1 0.12139423076923077 0.9242788461538461 0.06971153846153846 0.03365384615384615
1 0.06129807692307690 0.8665865384615384 0.06009615384615385 0.03365384615384615
1 0.15985576923076920 0.8449519230769231 0.06009615384615385 0.036057692307692304
1 0.14903846153846154 0.7572115384615384 0.07451923076923077 0.04326923076923077
1 0.18629807692307693 0.6959134615384616 0.09134615384615384 0.0625
1 0.0985576923076923 0.6418269230769231 0.07932692307692307 0.038461538461538464
1 0.10576923076923077 0.5877403846153846 0.06009615384615385 0.03125
1 0.21153846153846154 0.4411057692307690 0.09615384615384616 0.05048076923076923
1 0.18990384615384615 0.3605769230769231 0.10096153846153846 0.05048076923076923
1 0.20432692307692307 0.24639423076923078 0.1201923076923077 0.06971153846153846
1 0.23197115384615385 0.16105769230769230 0.10576923076923077 0.06009615384615385
1 0.20673076923076920 0.0673076923076923 0.07211538461538461 0.04567307692307692
0 0.5060096153846154 0.09014423076923077 0.07932692307692307 0.038461538461538464