0 0.13822115384615385 0.8978365384615384 0.08173076923076923 0.057692307692307696
1 0.20192307692307693 0.8497596153846154 0.1466346153846154 0.09375
1 0.2091346153846154 0.7884615384615384 0.04567307692307690 0.038461538461538464
1 0.1971153846153846 0.6370192307692307 0.10576923076923077 0.07451923076923077
1 0.24158653846153846 0.5985576923076923 0.07692307692307693 0.04807692307692308
1 0.3004807692307690 0.4254807692307690 0.07932692307692307 0.052884615384615384
0 0.2668269230769231 0.36658653846153844 0.08173076923076923 0.052884615384615384
1 0.3449519230769231 0.33774038461538464 0.08173076923076923 0.057692307692307696
1 0.4050480769230769 0.18269230769230768 0.10096153846153846 0.06971153846153846
0 0.33774038461538464 0.5685096153846154 0.04326923076923077 0.036057692307692304
1 0.3269230769230769 0.010817307692307690 0.03365384615384615 0.021634615384615384
1 0.28365384615384615 0.2439903846153846 0.04807692307692308 0.03365384615384615