1 0.07211538461538461 0.7415865384615384 0.038461538461538464 0.0625
1 0.16105769230769230 0.7391826923076923 0.040865384615384616 0.07451923076923077
0 0.21033653846153846 0.7932692307692307 0.03125 0.040865384615384616
0 0.2403846153846154 0.8365384615384616 0.040865384615384616 0.06009615384615385
0 0.34134615384615385 0.8028846153846154 0.04807692307692308 0.06490384615384616
1 0.49158653846153844 0.765625 0.055288461538461536 0.09615384615384616
0 0.5228365384615384 0.8233173076923077 0.026442307692307690 0.057692307692307696
0 0.5853365384615384 0.828125 0.04326923076923077 0.06971153846153846
0 0.6454326923076923 0.8401442307692307 0.04567307692307690 0.06971153846153846
1 0.8088942307692307 0.8665865384615384 0.06009615384615385 0.10336538461538461
1 0.7355769230769231 0.8846153846153846 0.03125 0.04326923076923077
1 0.7067307692307693 0.8149038461538461 0.026442307692307690 0.040865384615384616
0 0.04567307692307690 0.8197115384615384 0.03365384615384615 0.052884615384615384