1 0.22115384615384615 0.7151442307692307 0.06009615384615385 0.09615384615384616
1 0.3485576923076923 0.7536057692307693 0.0673076923076923 0.09615384615384616
1 0.7127403846153846 0.9122596153846154 0.0673076923076923 0.10096153846153846
1 0.8125 0.9158653846153846 0.01201923076923077 0.026442307692307692
0 0.6165865384615384 0.8846153846153846 0.007211538461538460 0.014423076923076924
1 0.5396634615384616 0.8605769230769231 0.009615384615384616 0.014423076923076924
1 0.453125 0.828125 0.004807692307692308 0.009615384615384616
1 0.47475961538461536 0.8365384615384616 0.007211538461538460 0.009615384615384616
1 0.47716346153846156 0.8401442307692307 0.007211538461538460 0.014423076923076924
1 0.4963942307692308 0.8509615384615384 0.004807692307692308 0.009615384615384616
1 0.5072115384615384 0.8473557692307693 0.004807692307692308 0.009615384615384616