1 0.2764423076923077 0.5300480769230769 0.12740384615384615 0.08173076923076923
1 0.4651442307692308 0.9158653846153846 0.06490384615384616 0.04807692307692308
1 0.5192307692307693 0.8413461538461539 0.05048076923076923 0.040865384615384616
1 0.5276442307692307 0.6935096153846154 0.052884615384615384 0.03125
1 0.5456730769230769 0.7680288461538461 0.04326923076923077 0.026442307692307692
1 0.5757211538461539 0.7331730769230769 0.040865384615384616 0.026442307692307692
1 0.53125 0.3629807692307690 0.04326923076923077 0.03125
0 0.6538461538461539 0.3713942307692308 0.038461538461538464 0.021634615384615384
1 0.4026442307692308 0.23197115384615385 0.07692307692307693 0.040865384615384616
1 0.42427884615384615 0.15504807692307693 0.07211538461538461 0.036057692307692304
1 0.29086538461538464 0.08173076923076923 0.12740384615384615 0.06490384615384616