0 0.1141826923076923 0.890625 0.0673076923076923 0.04807692307692308
0 0.35216346153846156 0.9783653846153846 0.06971153846153846 0.038461538461538464
0 0.33653846153846156 0.8605769230769231 0.0673076923076923 0.038461538461538464
0 0.453125 0.9615384615384616 0.06009615384615385 0.038461538461538464
0 0.4879807692307690 0.8377403846153846 0.0673076923076923 0.04567307692307692
0 0.5877403846153846 0.9399038461538461 0.06490384615384616 0.040865384615384616
0 0.5817307692307693 0.8341346153846154 0.04326923076923077 0.036057692307692304
0 0.6322115384615384 0.7932692307692307 0.05048076923076923 0.036057692307692304
0 0.7355769230769231 0.9242788461538461 0.055288461538461536 0.036057692307692304
0 0.78125 0.8894230769230769 0.040865384615384616 0.03125
0 0.7572115384615384 0.7764423076923077 0.06009615384615385 0.036057692307692304
0 0.9050480769230769 0.8617788461538461 0.05048076923076923 0.03125
0 0.8834134615384616 0.7728365384615384 0.06009615384615385 0.036057692307692304
0 0.9495192307692307 0.7512019230769231 0.04567307692307690 0.036057692307692304
0 0.8822115384615384 0.5853365384615384 0.040865384615384616 0.021634615384615384
1 0.8930288461538461 0.5096153846153846 0.04326923076923077 0.021634615384615384
1 0.9050480769230769 0.46153846153846156 0.04326923076923077 0.026442307692307692
0 0.8617788461538461 0.5288461538461539 0.04567307692307690 0.03125
0 0.8040865384615384 0.5276442307692307 0.04567307692307690 0.03125
1 0.7055288461538461 0.5528846153846154 0.04326923076923077 0.03125
0 0.6526442307692307 0.5192307692307693 0.04326923076923077 0.021634615384615384
0 0.6021634615384616 0.5444711538461539 0.04807692307692308 0.026442307692307692
0 0.5144230769230769 0.5432692307692307 0.055288461538461536 0.03125
0 0.42427884615384615 0.5721153846153846 0.06009615384615385 0.040865384615384616
0 0.3473557692307690 0.5420673076923077 0.04567307692307690 0.036057692307692304
0 0.16466346153846154 0.5432692307692307 0.04326923076923077 0.036057692307692304
0 0.07211538461538461 0.53125 0.07211538461538461 0.04567307692307692
0 0.09014423076923077 0.5612980769230769 0.04326923076923077 0.016826923076923076
1 0.5576923076923077 0.47475961538461536 0.05048076923076923 0.036057692307692304
0 0.5144230769230769 0.44591346153846156 0.06490384615384616 0.036057692307692304
0 0.6069711538461539 0.4338942307692308 0.055288461538461536 0.036057692307692304
0 0.6141826923076923 0.46153846153846156 0.04807692307692308 0.026442307692307692
0 0.7932692307692307 0.46033653846153844 0.038461538461538464 0.021634615384615384
0 0.7692307692307693 0.4411057692307690 0.05048076923076923 0.03125
0 0.8870192307692307 0.39903846153846156 0.04326923076923077 0.026442307692307692
0 0.7463942307692307 0.39903846153846156 0.05048076923076923 0.03125
0 0.7536057692307693 0.35216346153846156 0.040865384615384616 0.026442307692307692
0 0.6454326923076923 0.35697115384615385 0.05048076923076923 0.036057692307692304
0 0.47115384615384615 0.3858173076923077 0.04326923076923077 0.03125
0 0.328125 0.44711538461538464 0.06009615384615385 0.03125
0 0.2764423076923077 0.41466346153846156 0.06009615384615385 0.036057692307692304
0 0.27884615384615385 0.36899038461538464 0.06009615384615385 0.036057692307692304
0 0.44591346153846156 0.3545673076923077 0.06009615384615385 0.036057692307692304
0 0.055288461538461536 0.3858173076923077 0.06009615384615385 0.03125
0 0.8425480769230769 0.36538461538461536 0.04326923076923077 0.03125
0 0.8689903846153846 0.3245192307692308 0.040865384615384616 0.021634615384615384
0 0.921875 0.33052884615384615 0.036057692307692304 0.026442307692307692
0 0.8918269230769231 0.265625 0.040865384615384616 0.026442307692307692
0 0.8605769230769231 0.2932692307692308 0.03125 0.026442307692307692
0 0.8149038461538461 0.265625 0.040865384615384616 0.03125
0 0.7151442307692307 0.2824519230769231 0.04326923076923077 0.036057692307692304
0 0.7367788461538461 0.25841346153846156 0.04326923076923077 0.014423076923076924
0 0.6177884615384616 0.2956730769230769 0.04326923076923077 0.036057692307692304
0 0.5697115384615384 0.26802884615384615 0.055288461538461536 0.036057692307692304
0 0.5600961538461539 0.24278846153846154 0.04326923076923077 0.021634615384615384
0 0.45913461538461536 0.2608173076923077 0.055288461538461536 0.036057692307692304
0 0.32091346153846156 0.2764423076923077 0.04567307692307690 0.040865384615384616
0 0.18509615384615385 0.24759615384615385 0.055288461538461536 0.036057692307692304
0 0.11177884615384616 0.23677884615384615 0.036057692307692304 0.026442307692307692
0 0.02403846153846154 0.22596153846153846 0.04807692307692308 0.038461538461538464
0 0.8858173076923077 0.22115384615384615 0.028846153846153848 0.021634615384615384