1 0.8125 0.078125 0.0889423076923077 0.06490384615384616
1 0.8173076923076923 0.20793269230769230 0.0889423076923077 0.06009615384615385
1 0.8485576923076923 0.31850961538461536 0.08413461538461539 0.057692307692307696
1 0.9002403846153846 0.4891826923076923 0.0889423076923077 0.06971153846153846
1 0.7764423076923077 0.7836538461538461 0.07451923076923077 0.06490384615384616
1 0.8509615384615384 0.9399038461538461 0.052884615384615384 0.057692307692307696
1 0.6646634615384616 0.6574519230769231 0.07932692307692307 0.06009615384615385
1 0.5192307692307693 0.8485576923076923 0.0625 0.05048076923076923
1 0.5853365384615384 0.9759615384615384 0.0625 0.036057692307692304
1 0.5108173076923077 0.71875 0.055288461538461536 0.040865384615384616
1 0.6790865384615384 0.5360576923076923 0.07211538461538461 0.057692307692307696
1 0.6418269230769231 0.4026442307692308 0.07211538461538461 0.057692307692307696
1 0.578125 0.22235576923076920 0.07692307692307693 0.03125
1 0.5625 0.18509615384615385 0.08413461538461539 0.057692307692307696
1 0.5564903846153846 0.11778846153846154 0.07451923076923077 0.052884615384615384
1 0.5276442307692307 0.013221153846153846 0.07932692307692307 0.026442307692307692
1 0.375 0.02403846153846154 0.04567307692307690 0.040865384615384616
1 0.3762019230769231 0.13341346153846154 0.0625 0.04567307692307692
1 0.41947115384615385 0.2644230769230769 0.06009615384615385 0.040865384615384616
1 0.41346153846153844 0.3449519230769231 0.0625 0.04567307692307692
1 0.47836538461538464 0.4699519230769231 0.0625 0.055288461538461536
1 0.4951923076923077 0.5697115384615384 0.0625 0.052884615384615384
1 0.3701923076923077 0.96875 0.0625 0.04567307692307692
1 0.3269230769230769 0.8197115384615384 0.06009615384615385 0.03125
1 0.3137019230769231 0.7295673076923077 0.06490384615384616 0.040865384615384616
1 0.3076923076923077 0.6574519230769231 0.05048076923076923 0.04567307692307692
1 0.2512019230769231 0.5456730769230769 0.0625 0.040865384615384616
1 0.25721153846153844 0.49038461538461536 0.06009615384615385 0.036057692307692304
1 0.20793269230769230 0.38221153846153844 0.06009615384615385 0.036057692307692304
1 0.22235576923076920 0.3004807692307690 0.052884615384615384 0.036057692307692304
1 0.19230769230769230 0.18990384615384615 0.052884615384615384 0.036057692307692304
1 0.1875 0.09615384615384616 0.06490384615384616 0.040865384615384616
1 0.17427884615384615 0.030048076923076924 0.06009615384615385 0.040865384615384616
1 0.07932692307692307 0.03245192307692308 0.04807692307692308 0.03125
1 0.09014423076923077 0.1310096153846154 0.04807692307692308 0.026442307692307692
1 0.12980769230769230 0.21995192307692307 0.052884615384615384 0.036057692307692304
1 0.13942307692307693 0.3449519230769231 0.057692307692307696 0.03125
1 0.11778846153846154 0.4963942307692308 0.057692307692307696 0.03125
1 0.15264423076923078 0.5841346153846154 0.06009615384615385 0.036057692307692304
1 0.1875 0.7055288461538461 0.0625 0.038461538461538464
1 0.16947115384615385 0.7992788461538461 0.06490384615384616 0.040865384615384616
1 0.20552884615384615 0.9110576923076923 0.057692307692307696 0.036057692307692304
1 0.2283653846153846 0.9891826923076923 0.0625 0.016826923076923076
1 0.07091346153846154 0.8305288461538461 0.04807692307692308 0.03125
1 0.07692307692307693 0.7548076923076923 0.05048076923076923 0.036057692307692304
1 0.06610576923076923 0.6574519230769231 0.057692307692307696 0.036057692307692304
1 0.02403846153846154 0.6141826923076923 0.038461538461538464 0.026442307692307692
1 0.057692307692307696 0.5288461538461539 0.04807692307692308 0.036057692307692304
1 0.05889423076923077 0.46153846153846156 0.038461538461538464 0.036057692307692304
1 0.04326923076923077 0.3942307692307690 0.04807692307692308 0.036057692307692304
1 0.025240384615384616 0.3076923076923077 0.05048076923076923 0.04326923076923077
1 0.040865384615384616 0.19110576923076920 0.038461538461538464 0.026442307692307692
1 0.018028846153846150 0.12740384615384615 0.036057692307692304 0.03365384615384615