1 0.12379807692307693 0.203125 0.10336538461538461 0.07451923076923077
1 0.265625 0.9471153846153846 0.07451923076923077 0.06009615384615385
1 0.1778846153846154 0.40024038461538464 0.07932692307692307 0.057692307692307696
1 0.26802884615384615 0.32091346153846156 0.057692307692307696 0.040865384615384616
0 0.23918269230769230 0.09615384615384616 0.08173076923076923 0.057692307692307696
0 0.203125 0.5649038461538461 0.10817307692307693 0.06971153846153846
0 0.33413461538461536 0.9110576923076923 0.10096153846153846 0.06971153846153846
0 0.3389423076923077 0.8305288461538461 0.09375 0.0673076923076923
0 0.27163461538461536 0.8016826923076923 0.06490384615384616 0.04567307692307692
0 0.265625 0.671875 0.06490384615384616 0.05048076923076923
0 0.20432692307692307 0.43990384615384615 0.0673076923076923 0.05048076923076923
0 0.12620192307692307 0.3269230769230769 0.07451923076923077 0.057692307692307696