1 0.8449519230769231 0.7944711538461539 0.07692307692307693 0.055288461538461536
1 0.6177884615384616 0.7127403846153846 0.0673076923076923 0.04326923076923077
1 0.7944711538461539 0.5360576923076923 0.06971153846153846 0.04807692307692308
1 0.8040865384615384 0.0889423076923077 0.0673076923076923 0.04326923076923077
1 0.7824519230769231 0.3112980769230769 0.052884615384615384 0.038461538461538464
1 0.8028846153846154 0.39302884615384615 0.04807692307692308 0.03365384615384615
1 0.7716346153846154 0.4362980769230769 0.04807692307692308 0.028846153846153848
1 0.8100961538461539 0.9242788461538461 0.038461538461538464 0.028846153846153848
1 0.8509615384615384 0.7103365384615384 0.04326923076923077 0.02403846153846154
1 0.8197115384615384 0.6622596153846154 0.03365384615384615 0.019230769230769232
1 0.8137019230769231 0.6129807692307693 0.03125 0.019230769230769232
1 0.8004807692307693 0.028846153846153848 0.028846153846153848 0.019230769230769232