1 0.44711538461538464 0.9747596153846154 0.08173076923076923 0.04807692307692308
1 0.41466346153846156 0.90625 0.07692307692307693 0.052884615384615384
1 0.42427884615384615 0.8028846153846154 0.07692307692307693 0.055288461538461536
1 0.4074519230769231 0.7067307692307693 0.06490384615384616 0.04807692307692308
1 0.4326923076923077 0.6478365384615384 0.08413461538461539 0.05048076923076923
1 0.46274038461538464 0.5144230769230769 0.07692307692307693 0.05048076923076923
1 0.4254807692307690 0.49038461538461536 0.0889423076923077 0.036057692307692304
1 0.44591346153846156 0.38221153846153844 0.05048076923076923 0.028846153846153848
1 0.3449519230769231 0.29447115384615385 0.0985576923076923 0.06009615384615385
1 0.38461538461538464 0.11778846153846154 0.09615384615384616 0.0673076923076923
1 0.4230769230769231 0.007211538461538460 0.07692307692307693 0.014423076923076924
1 0.4098557692307690 0.06370192307692307 0.08173076923076923 0.055288461538461536
0 0.45552884615384615 0.3581730769230769 0.07451923076923077 0.040865384615384616
0 0.48197115384615385 0.5949519230769231 0.07692307692307693 0.05048076923076923
0 0.4483173076923077 0.7379807692307693 0.08653846153846154 0.055288461538461536