1 0.4338942307692308 0.9783653846153846 0.04567307692307690 0.028846153846153848
1 0.15264423076923078 0.8918269230769231 0.038461538461538464 0.02403846153846154
1 0.46274038461538464 0.9266826923076923 0.04567307692307690 0.028846153846153848
1 0.45913461538461536 0.8605769230769231 0.055288461538461536 0.028846153846153848
0 0.3317307692307690 0.8665865384615384 0.05048076923076923 0.03125
0 0.2548076923076923 0.8112980769230769 0.04567307692307690 0.02403846153846154
1 0.5865384615384616 0.8786057692307693 0.04567307692307690 0.03125
1 0.5841346153846154 0.8269230769230769 0.04326923076923077 0.016826923076923076
0 0.6923076923076923 0.875 0.040865384615384616 0.028846153846153848
1 0.8016826923076923 0.9423076923076923 0.040865384615384616 0.02403846153846154
1 0.29086538461538464 0.7067307692307693 0.06009615384615385 0.03365384615384615
1 0.09014423076923077 0.6189903846153846 0.06009615384615385 0.038461538461538464
1 0.35697115384615385 0.6826923076923077 0.055288461538461536 0.028846153846153848
0 0.4963942307692308 0.703125 0.040865384615384616 0.02403846153846154
1 0.5625 0.7331730769230769 0.04567307692307690 0.02403846153846154
1 0.49759615384615385 0.6274038461538461 0.04567307692307690 0.02403846153846154
1 0.2920673076923077 0.5853365384615384 0.055288461538461536 0.03365384615384615
1 0.18028846153846154 0.5372596153846154 0.06490384615384616 0.036057692307692304
1 0.18990384615384615 0.5697115384615384 0.06490384615384616 0.036057692307692304
1 0.08413461538461539 0.47596153846153844 0.04567307692307690 0.02403846153846154
1 0.3449519230769231 0.49158653846153844 0.06009615384615385 0.03365384615384615
1 0.39302884615384615 0.515625 0.038461538461538464 0.036057692307692304
1 0.5420673076923077 0.5540865384615384 0.04567307692307690 0.03365384615384615
1 0.6105769230769231 0.6538461538461539 0.04567307692307690 0.03365384615384615
1 0.7103365384615384 0.7932692307692307 0.03365384615384615 0.026442307692307692
0 0.7487980769230769 0.8076923076923077 0.040865384615384616 0.026442307692307692
0 0.7043269230769231 0.7451923076923077 0.04567307692307690 0.028846153846153848
0 0.7355769230769231 0.7127403846153846 0.038461538461538464 0.02403846153846154
1 0.7139423076923077 0.6418269230769231 0.040865384615384616 0.028846153846153848
1 0.7776442307692307 0.6694711538461539 0.040865384615384616 0.028846153846153848
1 0.8942307692307693 0.765625 0.038461538461538464 0.02403846153846154
1 0.9290865384615384 0.7331730769230769 0.038461538461538464 0.019230769230769232
1 0.8161057692307693 0.6947115384615384 0.038461538461538464 0.02403846153846154
1 0.8317307692307693 0.6201923076923077 0.03365384615384615 0.021634615384615384
1 0.7680288461538461 0.7764423076923077 0.038461538461538464 0.02403846153846154
1 0.6177884615384616 0.5757211538461539 0.040865384615384616 0.028846153846153848
1 0.6790865384615384 0.5456730769230769 0.05048076923076923 0.028846153846153848
1 0.6358173076923077 0.5084134615384616 0.04567307692307690 0.028846153846153848
1 0.5192307692307693 0.484375 0.040865384615384616 0.02403846153846154
1 0.13822115384615385 0.33052884615384615 0.06009615384615385 0.038461538461538464
1 0.054086538461538464 0.2764423076923077 0.06009615384615385 0.038461538461538464
1 0.4423076923076923 0.3701923076923077 0.040865384615384616 0.028846153846153848
1 0.609375 0.38100961538461536 0.038461538461538464 0.028846153846153848
1 0.6237980769230769 0.4519230769230769 0.04567307692307690 0.028846153846153848
1 0.6610576923076923 0.4362980769230769 0.038461538461538464 0.02403846153846154
1 0.7283653846153846 0.4375 0.038461538461538464 0.02403846153846154
1 0.796875 0.5012019230769231 0.038461538461538464 0.02403846153846154
1 0.9627403846153846 0.71875 0.03125 0.019230769230769232
0 0.9423076923076923 0.6286057692307693 0.03125 0.014423076923076924
1 0.9603365384615384 0.5997596153846154 0.038461538461538464 0.02403846153846154
1 0.9242788461538461 0.5252403846153846 0.038461538461538464 0.02403846153846154
1 0.9747596153846154 0.48677884615384615 0.03365384615384615 0.016826923076923076
1 0.8762019230769231 0.3870192307692308 0.038461538461538464 0.02403846153846154
0 0.9050480769230769 0.36778846153846156 0.028846153846153848 0.021634615384615384
1 0.7331730769230769 0.36177884615384615 0.03365384615384615 0.021634615384615384
1 0.6274038461538461 0.3125 0.040865384615384616 0.02403846153846154
1 0.4110576923076923 0.25961538461538464 0.055288461538461536 0.03365384615384615
1 0.578125 0.28125 0.04567307692307690 0.028846153846153848
1 0.5336538461538461 0.25240384615384615 0.04567307692307690 0.028846153846153848
1 0.609375 0.24639423076923078 0.04567307692307690 0.028846153846153848
1 0.4411057692307690 0.234375 0.04567307692307690 0.028846153846153848
1 0.9459134615384616 0.33774038461538464 0.03365384615384615 0.016826923076923076
1 0.9891826923076923 0.3858173076923077 0.016826923076923076 0.026442307692307692
1 0.9927884615384616 0.31971153846153844 0.009615384615384616 0.019230769230769232
1 0.9867788461538461 0.2824519230769231 0.021634615384615384 0.016826923076923076
0 0.9483173076923077 0.27524038461538464 0.03365384615384615 0.016826923076923076
0 0.8665865384615384 0.29447115384615385 0.03365384615384615 0.016826923076923076
1 0.8245192307692307 0.22235576923076920 0.040865384615384616 0.02403846153846154
1 0.9230769230769231 0.1778846153846154 0.03365384615384615 0.021634615384615384
1 0.9314903846153846 0.1346153846153846 0.03365384615384615 0.021634615384615384
1 0.8569711538461539 0.13942307692307693 0.038461538461538464 0.02403846153846154
1 0.7800480769230769 0.13942307692307693 0.040865384615384616 0.028846153846153848
1 0.7451923076923077 0.16826923076923078 0.040865384615384616 0.02403846153846154
1 0.7331730769230769 0.11177884615384616 0.040865384615384616 0.02403846153846154
1 0.796875 0.078125 0.026442307692307690 0.014423076923076924
1 0.6658653846153846 0.09254807692307693 0.04567307692307690 0.028846153846153848
1 0.5913461538461539 0.051682692307692304 0.040865384615384616 0.028846153846153848
1 0.7415865384615384 0.055288461538461536 0.04567307692307690 0.02403846153846154
1 0.9591346153846154 0.18990384615384615 0.028846153846153848 0.016826923076923076
1 0.37740384615384615 0.004807692307692308 0.057692307692307696 0.009615384615384616
1 0.46875 0.01201923076923077 0.052884615384615384 0.02403846153846154
1 0.5348557692307693 0.0625 0.038461538461538464 0.028846153846153848