1 0.8846153846153846 0.05048076923076923 0.16826923076923078 0.10096153846153846
1 0.7728365384615384 0.17307692307692307 0.11778846153846154 0.07692307692307693
1 0.7259615384615384 0.2860576923076923 0.2403846153846154 0.1466346153846154
1 0.6117788461538461 0.4855769230769231 0.16826923076923078 0.0889423076923077
1 0.2283653846153846 0.33774038461538464 0.07692307692307693 0.04807692307692308
1 0.10576923076923077 0.4266826923076923 0.06009615384615385 0.04326923076923077
1 0.24158653846153846 0.4411057692307690 0.07211538461538461 0.038461538461538464
1 0.13942307692307693 0.5228365384615384 0.04567307692307690 0.03125
1 0.15985576923076920 0.6153846153846154 0.06490384615384616 0.04326923076923077
1 0.37740384615384615 0.5721153846153846 0.06971153846153846 0.04326923076923077
1 0.5733173076923077 0.6862980769230769 0.1658653846153846 0.11298076923076923
1 0.2091346153846154 0.7752403846153846 0.057692307692307696 0.038461538461538464
0 0.36538461538461536 0.8569711538461539 0.06009615384615385 0.04326923076923077
0 0.21153846153846154 0.6838942307692307 0.06490384615384616 0.04326923076923077
0 0.4519230769230769 0.4495192307692308 0.07692307692307693 0.052884615384615384