1 0.6454326923076923 0.9567307692307693 0.10096153846153846 0.0673076923076923
1 0.6081730769230769 0.8629807692307693 0.09615384615384616 0.06009615384615385
1 0.6694711538461539 0.6911057692307693 0.11057692307692307 0.07692307692307693
1 0.6959134615384616 0.640625 0.09615384615384616 0.06009615384615385
1 0.4807692307692308 0.5480769230769231 0.11538461538461539 0.07692307692307693
1 0.7199519230769231 0.5697115384615384 0.0673076923076923 0.040865384615384616
1 0.7415865384615384 0.5240384615384616 0.0889423076923077 0.04567307692307692
1 0.7355769230769231 0.49038461538461536 0.0985576923076923 0.0625
1 0.7139423076923077 0.43149038461538464 0.08653846153846154 0.055288461538461536
1 0.6850961538461539 0.3870192307692308 0.0985576923076923 0.0625
1 0.6754807692307693 0.31971153846153844 0.1201923076923077 0.07692307692307693
1 0.7992788461538461 0.2932692307692308 0.08173076923076923 0.04807692307692308
0 0.8040865384615384 0.2512019230769231 0.06490384615384616 0.055288461538461536
1 0.8449519230769231 0.18509615384615385 0.09134615384615384 0.06009615384615385
1 0.8353365384615384 0.12379807692307693 0.10096153846153846 0.0673076923076923
1 0.7379807692307693 0.6875 0.07451923076923077 0.05048076923076923
1 0.7259615384615384 0.7536057692307693 0.06971153846153846 0.05048076923076923