1 0.35216346153846156 0.27524038461538464 0.09375 0.14182692307692307
1 0.5168269230769231 0.38822115384615385 0.07692307692307693 0.1201923076923077
1 0.36778846153846156 0.8990384615384616 0.17307692307692307 0.1971153846153846
1 0.6177884615384616 0.9170673076923077 0.14423076923076920 0.15144230769230768
1 0.7752403846153846 0.140625 0.07692307692307693 0.11538461538461539
1 0.5769230769230769 0.13221153846153846 0.08413461538461539 0.11057692307692307
1 0.6550480769230769 0.12139423076923077 0.08413461538461539 0.13942307692307693
1 0.4639423076923077 0.2536057692307690 0.0889423076923077 0.13942307692307693
1 0.4411057692307690 0.05048076923076923 0.038461538461538464 0.07932692307692307
1 0.33052884615384615 0.11177884615384616 0.057692307692307696 0.09134615384615384
1 0.18509615384615385 0.08533653846153846 0.04326923076923077 0.06490384615384616
1 0.08533653846153846 0.15985576923076920 0.06009615384615385 0.08413461538461539
1 0.009615384615384616 0.21634615384615385 0.019230769230769230 0.07692307692307693
1 0.12620192307692307 0.11778846153846154 0.04326923076923077 0.0673076923076923
1 0.6935096153846154 0.020432692307692308 0.06009615384615385 0.040865384615384616
0 0.16105769230769230 0.17908653846153846 0.052884615384615384 0.08653846153846154