1 0.953125 0.23317307692307693 0.07451923076923077 0.09375
1 0.8245192307692307 0.21514423076923078 0.06971153846153846 0.09375
1 0.7175480769230769 0.171875 0.0673076923076923 0.0889423076923077
1 0.5516826923076923 0.10336538461538461 0.07932692307692307 0.09615384615384616
1 0.24639423076923078 0.19471153846153846 0.07211538461538461 0.08173076923076923
1 0.0985576923076923 0.1045673076923077 0.0625 0.057692307692307696
1 0.3605769230769231 0.31971153846153844 0.0673076923076923 0.08413461538461539
1 0.15625 0.44471153846153844 0.055288461538461536 0.0673076923076923
1 0.036057692307692304 0.36538461538461536 0.040865384615384616 0.0673076923076923
1 0.28365384615384615 0.46634615384615385 0.04567307692307690 0.057692307692307696
1 0.4831730769230769 0.31850961538461536 0.06490384615384616 0.07692307692307693
1 0.6117788461538461 0.36899038461538464 0.06490384615384616 0.07692307692307693
1 0.7848557692307693 0.4519230769230769 0.038461538461538464 0.07932692307692307
1 0.8197115384615384 0.47115384615384615 0.0673076923076923 0.0889423076923077
1 0.8858173076923077 0.484375 0.06009615384615385 0.07932692307692307
1 0.9831730769230769 0.5276442307692307 0.028846153846153848 0.08413461538461539
1 0.9603365384615384 0.6742788461538461 0.04326923076923077 0.04807692307692308
1 0.8509615384615384 0.6610576923076923 0.05048076923076923 0.06490384615384616
1 0.7259615384615384 0.6045673076923077 0.04567307692307690 0.0625
1 0.6442307692307693 0.6021634615384616 0.05048076923076923 0.06490384615384616
1 0.5276442307692307 0.5240384615384616 0.06009615384615385 0.0673076923076923
1 0.43028846153846156 0.49759615384615385 0.057692307692307696 0.0673076923076923
1 0.02403846153846154 0.5817307692307693 0.04807692307692308 0.0673076923076923
1 0.16346153846153846 0.6382211538461539 0.036057692307692304 0.0625
1 0.25240384615384615 0.6622596153846154 0.04567307692307690 0.0673076923076923
1 0.3233173076923077 0.6742788461538461 0.05048076923076923 0.052884615384615384
1 0.42788461538461536 0.7427884615384616 0.04807692307692308 0.06490384615384616
1 0.484375 0.7427884615384616 0.040865384615384616 0.06490384615384616
1 0.5865384615384616 0.8016826923076923 0.040865384615384616 0.06490384615384616
1 0.6694711538461539 0.796875 0.040865384615384616 0.057692307692307696
1 0.7764423076923077 0.8389423076923077 0.040865384615384616 0.057692307692307696
1 0.8689903846153846 0.8533653846153846 0.04567307692307690 0.0673076923076923
1 0.9314903846153846 0.8725961538461539 0.04326923076923077 0.06490384615384616
1 0.9206730769230769 0.9675480769230769 0.036057692307692304 0.05048076923076923
1 0.8245192307692307 0.9459134615384616 0.03125 0.05048076923076923
1 0.7403846153846154 0.8978365384615384 0.040865384615384616 0.057692307692307696
1 0.6165865384615384 0.8737980769230769 0.036057692307692304 0.06009615384615385
1 0.4639423076923077 0.8810096153846154 0.036057692307692304 0.06009615384615385
1 0.3798076923076923 0.8365384615384616 0.040865384615384616 0.06490384615384616
1 0.26322115384615385 0.7896634615384616 0.04326923076923077 0.06490384615384616
1 0.16826923076923078 0.7980769230769231 0.04567307692307690 0.0673076923076923
1 0.06009615384615385 0.75 0.040865384615384616 0.0625
1 0.12740384615384615 0.8918269230769231 0.038461538461538464 0.052884615384615384
1 0.20192307692307693 0.8942307692307693 0.04326923076923077 0.055288461538461536
1 0.2980769230769231 0.9146634615384616 0.040865384615384616 0.0625
1 0.33653846153846156 0.9615384615384616 0.028846153846153848 0.040865384615384616
1 0.4254807692307690 0.9375 0.040865384615384616 0.052884615384615384
1 0.49278846153846156 0.9435096153846154 0.038461538461538464 0.04326923076923077
1 0.5576923076923077 0.9651442307692307 0.038461538461538464 0.052884615384615384
1 0.6418269230769231 0.9819711538461539 0.04807692307692308 0.03125
1 0.7584134615384616 0.9831730769230769 0.03125 0.028846153846153848