1 0.6538461538461539 0.8329326923076923 0.17307692307692307 0.13221153846153846
0 0.44711538461538464 0.8305288461538461 0.12980769230769230 0.10096153846153846
0 0.5673076923076923 0.46033653846153844 0.12980769230769230 0.10096153846153846
1 0.6850961538461539 0.5649038461538461 0.1658653846153846 0.13221153846153846
1 0.43990384615384615 0.9567307692307693 0.0985576923076923 0.07692307692307693
1 0.6947115384615384 0.22355769230769230 0.16826923076923078 0.11538461538461539
1 0.6021634615384616 0.08653846153846154 0.10096153846153846 0.07451923076923077
1 0.6334134615384616 0.28966346153846156 0.10817307692307693 0.06490384615384616
1 0.5625 0.36177884615384615 0.08653846153846154 0.06971153846153846
1 0.5132211538461539 0.3918269230769231 0.11778846153846154 0.08173076923076923
1 0.48197115384615385 0.5144230769230769 0.10576923076923077 0.07932692307692307
1 0.47115384615384615 0.5625 0.07932692307692307 0.052884615384615384
1 0.36899038461538464 0.5853365384615384 0.0625 0.040865384615384616
1 0.3088942307692308 0.6875 0.06009615384615385 0.052884615384615384
0 0.5360576923076923 0.3016826923076923 0.08173076923076923 0.055288461538461536
1 0.49759615384615385 0.109375 0.06490384615384616 0.04567307692307692
1 0.4170673076923077 0.34975961538461536 0.07451923076923077 0.057692307692307696
0 0.3473557692307690 0.43509615384615385 0.06009615384615385 0.04567307692307692
1 0.3161057692307690 0.4723557692307690 0.040865384615384616 0.021634615384615384
1 0.2824519230769231 0.5949519230769231 0.036057692307692304 0.026442307692307692
1 0.3545673076923077 0.38822115384615385 0.04326923076923077 0.03125
1 0.35697115384615385 0.2127403846153846 0.03125 0.02403846153846154
1 0.33052884615384615 0.6514423076923077 0.055288461538461536 0.04326923076923077
1 0.4098557692307690 0.5576923076923077 0.0625 0.040865384615384616
1 0.2247596153846154 0.8605769230769231 0.04567307692307690 0.03125
1 0.20432692307692307 0.9026442307692307 0.04807692307692308 0.03365384615384615
1 0.28725961538461536 0.7391826923076923 0.036057692307692304 0.026442307692307692
1 0.20552884615384615 0.8810096153846154 0.04326923076923077 0.028846153846153848