0 0.96875 0.7596153846153846 0.055288461538461536 0.07451923076923077
0 0.9074519230769231 0.7752403846153846 0.040865384615384616 0.057692307692307696
0 0.8966346153846154 0.7199519230769231 0.03365384615384615 0.07451923076923077
0 0.9483173076923077 0.5564903846153846 0.040865384615384616 0.06490384615384616
1 0.9038461538461539 0.4387019230769231 0.06971153846153846 0.10336538461538461
0 0.8365384615384616 0.33653846153846156 0.07211538461538461 0.11057692307692307
0 0.6622596153846154 0.038461538461538464 0.0985576923076923 0.07692307692307693
0 0.7716346153846154 0.9254807692307693 0.03365384615384615 0.052884615384615384
0 0.7451923076923077 0.8100961538461539 0.04567307692307690 0.07451923076923077
0 0.6887019230769231 0.7764423076923077 0.04326923076923077 0.07451923076923077
0 0.6538461538461539 0.7668269230769231 0.038461538461538464 0.07451923076923077
0 0.7524038461538461 0.59375 0.05048076923076923 0.07211538461538461
1 0.6622596153846154 0.44471153846153844 0.057692307692307696 0.09615384615384616
1 0.5817307692307693 0.45913461538461536 0.052884615384615384 0.09134615384615384
0 0.5396634615384616 0.7920673076923077 0.040865384615384616 0.0625
0 0.5048076923076923 0.7944711538461539 0.036057692307692304 0.0625
1 0.44471153846153844 0.75 0.040865384615384616 0.0985576923076923
0 0.3737980769230769 0.8894230769230769 0.052884615384615384 0.09615384615384616
0 0.28846153846153844 0.8701923076923077 0.040865384615384616 0.0673076923076923
1 0.16105769230769230 0.8894230769230769 0.0625 0.09615384615384616
1 0.15625 0.7331730769230769 0.06490384615384616 0.11778846153846154
0 0.7680288461538461 0.9194711538461539 0.038461538461538464 0.04326923076923077