1 0.9375 0.765625 0.057692307692307696 0.0985576923076923
1 0.8737980769230769 0.78125 0.0673076923076923 0.10096153846153846
1 0.6995192307692307 0.8677884615384616 0.05048076923076923 0.09375
1 0.75 0.6766826923076923 0.05048076923076923 0.10817307692307693
1 0.6706730769230769 0.7127403846153846 0.057692307692307696 0.10336538461538461
1 0.5901442307692307 0.6983173076923077 0.06490384615384616 0.11057692307692307
1 0.5348557692307693 0.7728365384615384 0.06490384615384616 0.09615384615384616
1 0.4735576923076923 0.7151442307692307 0.06490384615384616 0.10576923076923077
1 0.41346153846153844 0.7451923076923077 0.0673076923076923 0.11057692307692307
1 0.2920673076923077 0.7079326923076923 0.057692307692307696 0.09134615384615384
1 0.23918269230769230 0.6971153846153846 0.05048076923076923 0.10817307692307693
1 0.14543269230769230 0.7271634615384616 0.07211538461538461 0.11778846153846154
1 0.040865384615384616 0.7319711538461539 0.0673076923076923 0.11057692307692307
1 0.6370192307692307 0.8137019230769231 0.06009615384615385 0.09134615384615384
1 0.009615384615384616 0.5817307692307693 0.019230769230769230 0.08653846153846154