1 0.2127403846153846 0.021634615384615384 0.1466346153846154 0.04326923076923077
1 0.21153846153846154 0.1141826923076923 0.15144230769230768 0.10576923076923077
1 0.46875 0.1778846153846154 0.16346153846153846 0.11057692307692307
1 0.8185096153846154 0.15384615384615385 0.15144230769230768 0.10096153846153846
1 0.49278846153846156 0.3112980769230769 0.17548076923076920 0.11298076923076923
1 0.8425480769230769 0.35336538461538464 0.13221153846153846 0.09615384615384616
1 0.6081730769230769 0.5360576923076923 0.18990384615384615 0.11538461538461539
1 0.8894230769230769 0.5985576923076923 0.17548076923076920 0.10817307692307693
1 0.5480769230769231 0.6081730769230769 0.15865384615384615 0.10096153846153846
1 0.7307692307692307 0.7776442307692307 0.17548076923076920 0.10336538461538461
1 0.25961538461538464 0.8076923076923077 0.1658653846153846 0.10817307692307693
1 0.10336538461538461 0.90625 0.12740384615384615 0.07692307692307693
1 0.3425480769230769 0.9447115384615384 0.16105769230769230 0.09134615384615384
1 0.5625 0.8521634615384616 0.17067307692307693 0.10336538461538461
1 0.6286057692307693 0.9555288461538461 0.18028846153846154 0.08413461538461539
1 0.8581730769230769 0.8822115384615384 0.16346153846153846 0.11057692307692307