1 0.7620192307692307 0.4375 0.13942307692307693 0.0889423076923077
1 0.5997596153846154 0.5552884615384616 0.11778846153846154 0.07451923076923077
1 0.1502403846153846 0.23076923076923078 0.23317307692307693 0.16346153846153846
1 0.07211538461538461 0.46875 0.14423076923076920 0.14423076923076922
1 0.7439903846153846 0.8822115384615384 0.11298076923076923 0.07451923076923077
1 0.8197115384615384 0.6983173076923077 0.11057692307692307 0.07932692307692307
1 0.8028846153846154 0.7752403846153846 0.13701923076923078 0.07932692307692307
1 0.7439903846153846 0.5504807692307693 0.13942307692307693 0.08413461538461539
1 0.9435096153846154 0.5985576923076923 0.07932692307692307 0.036057692307692304
1 0.9230769230769231 0.4735576923076923 0.0889423076923077 0.055288461538461536
1 0.9807692307692307 0.34615384615384615 0.03365384615384615 0.04326923076923077
1 0.9591346153846154 0.22596153846153846 0.07692307692307693 0.057692307692307696
1 0.9435096153846154 0.11538461538461539 0.07451923076923077 0.06009615384615385
1 0.9759615384615384 0.2800480769230769 0.04326923076923077 0.040865384615384616
1 0.9074519230769231 0.8569711538461539 0.08413461538461539 0.055288461538461536
0 0.9170673076923077 0.29086538461538464 0.08653846153846154 0.05048076923076923