0 0.1141826923076923 0.46153846153846156 0.20192307692307693 0.28365384615384615
1 0.46634615384615385 0.3605769230769231 0.18028846153846154 0.27403846153846156
1 0.5997596153846154 0.26802884615384615 0.11778846153846154 0.20192307692307693
1 0.7307692307692307 0.2644230769230769 0.18028846153846154 0.2548076923076923
1 0.859375 0.3737980769230769 0.13942307692307693 0.21634615384615385
1 0.6129807692307693 0.671875 0.09615384615384616 0.15384615384615385
1 0.6658653846153846 0.7295673076923077 0.09375 0.13221153846153846
1 0.44711538461538464 0.7331730769230769 0.07211538461538461 0.11298076923076923
1 0.47836538461538464 0.8052884615384616 0.07451923076923077 0.10576923076923077
1 0.43149038461538464 0.65625 0.08653846153846154 0.11057692307692307
1 0.484375 0.9338942307692307 0.055288461538461536 0.07451923076923077
1 0.5588942307692307 0.9723557692307693 0.055288461538461536 0.05048076923076923
1 0.41947115384615385 0.9314903846153846 0.052884615384615384 0.06971153846153846