1 0.08653846153846154 0.4543269230769231 0.05048076923076923 0.13221153846153846
1 0.2848557692307690 0.43028846153846156 0.040865384615384616 0.10336538461538461
1 0.3329326923076923 0.49158653846153844 0.0625 0.0985576923076923
1 0.4014423076923077 0.3629807692307690 0.04567307692307690 0.09615384615384616
0 0.4483173076923077 0.38461538461538464 0.06009615384615385 0.10817307692307693
1 0.5060096153846154 0.5 0.08173076923076923 0.15625
0 0.5072115384615384 0.3004807692307690 0.04567307692307690 0.08653846153846154
0 0.5877403846153846 0.2848557692307690 0.052884615384615384 0.10336538461538461
0 0.7067307692307693 0.3473557692307690 0.05048076923076923 0.09615384615384616
1 0.671875 0.4639423076923077 0.05048076923076923 0.0985576923076923
1 0.7451923076923077 0.44591346153846156 0.055288461538461536 0.12259615384615384
1 0.8942307692307693 0.36899038461538464 0.04567307692307690 0.09134615384615384
0 0.7884615384615384 0.49158653846153844 0.07211538461538461 0.12259615384615384
0 0.9603365384615384 0.4050480769230769 0.06490384615384616 0.10336538461538461
0 0.1875 0.3473557692307690 0.03365384615384615 0.057692307692307696
0 0.8209134615384616 0.3485576923076923 0.03125 0.0625
1 0.9350961538461539 0.33533653846153844 0.03125 0.052884615384615384