1 0.3245192307692308 0.9302884615384616 0.13701923076923078 0.10817307692307693
1 0.49399038461538464 0.9206730769230769 0.0673076923076923 0.05048076923076923
1 0.5348557692307693 0.8930288461538461 0.04807692307692308 0.036057692307692304
1 0.5865384615384616 0.8533653846153846 0.03365384615384615 0.028846153846153848
1 0.5480769230769231 0.9891826923076923 0.03365384615384615 0.016826923076923076
1 0.5144230769230769 0.8125 0.05048076923076923 0.04567307692307692
1 0.5865384615384616 0.7884615384615384 0.04326923076923077 0.036057692307692304
1 0.4326923076923077 0.7067307692307693 0.18269230769230768 0.14423076923076922
1 0.6045673076923077 0.734375 0.03125 0.028846153846153848
1 0.6081730769230769 0.6466346153846154 0.021634615384615384 0.021634615384615384
1 0.5901442307692307 0.6201923076923077 0.038461538461538464 0.03365384615384615
1 0.5360576923076923 0.5673076923076923 0.0673076923076923 0.052884615384615384
1 0.5649038461538461 0.47115384615384615 0.09615384615384616 0.07692307692307693
1 0.5997596153846154 0.5132211538461539 0.052884615384615384 0.03365384615384615
1 0.6069711538461539 0.578125 0.026442307692307690 0.02403846153846154
1 0.6622596153846154 0.44591346153846156 0.03365384615384615 0.03365384615384615
1 0.6442307692307693 0.3245192307692308 0.03125 0.028846153846153848
1 0.6911057692307693 0.33533653846153844 0.026442307692307690 0.02403846153846154
1 0.6069711538461539 0.2704326923076923 0.038461538461538464 0.028846153846153848
1 0.6802884615384616 0.30528846153846156 0.019230769230769230 0.021634615384615384
1 0.6538461538461539 0.25 0.03125 0.02403846153846154
1 0.6165865384615384 0.1935096153846154 0.06971153846153846 0.06009615384615385
1 0.6730769230769231 0.13701923076923078 0.038461538461538464 0.028846153846153848
1 0.6346153846153846 0.030048076923076924 0.06971153846153846 0.036057692307692304
1 0.6995192307692307 0.06971153846153846 0.038461538461538464 0.03365384615384615
0 0.65625 0.4879807692307690 0.021634615384615384 0.016826923076923076