1 0.28365384615384615 0.03245192307692308 0.10096153846153846 0.06490384615384616
1 0.2512019230769231 0.14783653846153846 0.0985576923076923 0.07692307692307693
1 0.1971153846153846 0.25 0.09375 0.07451923076923077
1 0.11057692307692307 0.40625 0.10096153846153846 0.08653846153846154
1 0.17067307692307693 0.7199519230769231 0.08413461538461539 0.07692307692307693
1 0.06490384615384616 0.8569711538461539 0.0625 0.06490384615384616
1 0.30649038461538464 0.6201923076923077 0.0889423076923077 0.07451923076923077
1 0.40865384615384615 0.8365384615384616 0.06971153846153846 0.06009615384615385
1 0.3173076923076923 0.9471153846153846 0.06971153846153846 0.04807692307692308
1 0.44350961538461536 0.7115384615384616 0.06009615384615385 0.05048076923076923
1 0.3173076923076923 0.49759615384615385 0.08173076923076923 0.06971153846153846
1 0.38100961538461536 0.375 0.08173076923076923 0.06971153846153846
1 0.48197115384615385 0.21153846153846154 0.08173076923076923 0.04567307692307692
1 0.5048076923076923 0.17908653846153846 0.09375 0.07451923076923077
1 0.5240384615384616 0.1141826923076923 0.08173076923076923 0.0673076923076923
1 0.578125 0.021634615384615384 0.08413461538461539 0.04326923076923077
1 0.7211538461538461 0.06129807692307690 0.05048076923076923 0.04807692307692308
1 0.6971153846153846 0.16706730769230768 0.06971153846153846 0.057692307692307696
1 0.6274038461538461 0.2860576923076923 0.06490384615384616 0.05048076923076923
1 0.6165865384615384 0.36658653846153844 0.06971153846153846 0.057692307692307696
1 0.5276442307692307 0.47475961538461536 0.07211538461538461 0.06490384615384616
1 0.49038461538461536 0.5697115384615384 0.06971153846153846 0.0625
1 0.53125 0.9771634615384616 0.07211538461538461 0.040865384615384616
1 0.6021634615384616 0.8485576923076923 0.06490384615384616 0.04326923076923077
1 0.6346153846153846 0.7632211538461539 0.06971153846153846 0.052884615384615384
1 0.6550480769230769 0.6935096153846154 0.057692307692307696 0.052884615384615384
1 0.7331730769230769 0.5961538461538461 0.0673076923076923 0.052884615384615384
1 0.7403846153846154 0.5408653846153846 0.0673076923076923 0.04807692307692308
1 0.8100961538461539 0.44591346153846156 0.0673076923076923 0.04807692307692308
1 0.8125 0.3629807692307690 0.06009615384615385 0.04567307692307692
1 0.8653846153846154 0.2608173076923077 0.06009615384615385 0.04567307692307692
1 0.8894230769230769 0.16947115384615385 0.06971153846153846 0.052884615384615384
1 0.9158653846153846 0.10817307692307693 0.06490384615384616 0.05048076923076923
1 0.9891826923076923 0.1310096153846154 0.016826923076923076 0.040865384615384616
1 0.9735576923076923 0.22355769230769230 0.04807692307692308 0.038461538461538464
1 0.9206730769230769 0.30288461538461536 0.06009615384615385 0.04567307692307692
1 0.8846153846153846 0.4230769230769231 0.0625 0.040865384615384616
1 0.875 0.5757211538461539 0.0625 0.040865384615384616
1 0.8221153846153846 0.6550480769230769 0.0673076923076923 0.04807692307692308
1 0.7632211538461539 0.7668269230769231 0.0673076923076923 0.04807692307692308
1 0.7620192307692307 0.8617788461538461 0.06971153846153846 0.052884615384615384
1 0.703125 0.9627403846153846 0.06490384615384616 0.04567307692307692
1 0.8509615384615384 0.9122596153846154 0.052884615384615384 0.038461538461538464
1 0.8605769230769231 0.8377403846153846 0.057692307692307696 0.04567307692307692
1 0.8918269230769231 0.7439903846153846 0.06490384615384616 0.04567307692307692
1 0.9423076923076923 0.7103365384615384 0.04326923076923077 0.03365384615384615
1 0.9266826923076923 0.6201923076923077 0.055288461538461536 0.04326923076923077
1 0.9399038461538461 0.5540865384615384 0.04567307692307690 0.040865384615384616
1 0.96875 0.49158653846153844 0.055288461538461536 0.04326923076923077
1 0.9879807692307693 0.41225961538461536 0.019230769230769230 0.05048076923076923