1 0.09134615384615384 0.24879807692307693 0.052884615384615384 0.09375
1 0.17307692307692307 0.30649038461538464 0.04567307692307690 0.09134615384615384
1 0.3557692307692308 0.28966346153846156 0.06009615384615385 0.10336538461538461
1 0.4110576923076923 0.27524038461538464 0.04567307692307690 0.09134615384615384
1 0.4495192307692308 0.5072115384615384 0.06009615384615385 0.10817307692307693
1 0.4855769230769231 0.2692307692307690 0.03125 0.0625
1 0.5348557692307693 0.25961538461538464 0.03125 0.08413461538461539
1 0.5673076923076923 0.27403846153846156 0.04567307692307690 0.09375
1 0.6189903846153846 0.3088942307692308 0.040865384615384616 0.08173076923076923
1 0.6538461538461539 0.3473557692307690 0.04567307692307690 0.09375
1 0.7175480769230769 0.37259615384615385 0.06009615384615385 0.11298076923076923
1 0.7728365384615384 0.25961538461538464 0.036057692307692304 0.07692307692307693
0 0.8149038461538461 0.265625 0.04567307692307690 0.06009615384615385
1 0.8894230769230769 0.24158653846153846 0.04567307692307690 0.08653846153846154
1 0.9459134615384616 0.265625 0.052884615384615384 0.09375
1 0.3762019230769231 0.22355769230769230 0.040865384615384616 0.06971153846153846
1 0.3088942307692308 0.21875 0.040865384615384616 0.06490384615384616