1 0.9194711538461539 0.6586538461538461 0.14182692307692307 0.28846153846153844
1 0.6802884615384616 0.3954326923076923 0.03125 0.057692307692307696
1 0.5973557692307693 0.4014423076923077 0.036057692307692304 0.07692307692307693
1 0.46153846153846156 0.31490384615384615 0.03125 0.0625
1 0.8713942307692307 0.41947115384615385 0.014423076923076924 0.03125
1 0.5637019230769231 0.36658653846153844 0.01201923076923077 0.026442307692307692
1 0.515625 0.3641826923076923 0.021634615384615384 0.036057692307692304
1 0.36658653846153844 0.33533653846153844 0.019230769230769230 0.021634615384615384
1 0.30288461538461536 0.3485576923076923 0.03125 0.052884615384615384
1 0.10817307692307693 0.28725961538461536 0.18509615384615385 0.3293269230769231
0 0.2776442307692308 0.2980769230769231 0.016826923076923076 0.036057692307692304
1 0.7884615384615384 0.4074519230769231 0.01201923076923077 0.038461538461538464