1 0.96875 0.8221153846153846 0.057692307692307696 0.14423076923076922
1 0.8641826923076923 0.8149038461538461 0.09615384615384616 0.1466346153846154
1 0.8185096153846154 0.5540865384615384 0.10096153846153846 0.15865384615384615
1 0.8677884615384616 0.20673076923076920 0.09134615384615384 0.1466346153846154
1 0.6887019230769231 0.5204326923076923 0.10336538461538461 0.17067307692307693
1 0.6706730769230769 0.16947115384615385 0.0889423076923077 0.12740384615384615
1 0.47115384615384615 0.3894230769230769 0.10576923076923077 0.18509615384615385
1 0.42788461538461536 0.1045673076923077 0.0985576923076923 0.17067307692307693
1 0.3954326923076923 0.44471153846153844 0.09134615384615384 0.15384615384615385
1 0.23918269230769230 0.2512019230769231 0.09375 0.17067307692307693
1 0.17548076923076920 0.7175480769230769 0.0985576923076923 0.16105769230769232
1 0.0673076923076923 0.8665865384615384 0.06971153846153846 0.125
1 0.04567307692307690 0.6262019230769231 0.07932692307692307 0.15625
1 0.15264423076923078 0.41346153846153844 0.09375 0.1658653846153846
1 0.046875 0.3401442307692308 0.09375 0.17548076923076922
1 0.14423076923076920 0.11538461538461539 0.10336538461538461 0.16105769230769232