1 0.9182692307692307 0.9122596153846154 0.016826923076923076 0.02403846153846154
1 0.9411057692307693 0.7572115384615384 0.021634615384615384 0.03125
0 0.8822115384615384 0.6742788461538461 0.028846153846153848 0.038461538461538464
1 0.8834134615384616 0.5913461538461539 0.03365384615384615 0.040865384615384616
1 0.8341346153846154 0.5889423076923077 0.02403846153846154 0.040865384615384616
1 0.984375 0.46875 0.028846153846153848 0.040865384615384616
1 0.9314903846153846 0.49158653846153844 0.026442307692307690 0.036057692307692304
1 0.8713942307692307 0.4879807692307690 0.03365384615384615 0.040865384615384616
0 0.8786057692307693 0.390625 0.03365384615384615 0.040865384615384616
1 0.9026442307692307 0.2536057692307690 0.03125 0.036057692307692304
0 0.8257211538461539 0.33413461538461536 0.028846153846153848 0.040865384615384616
1 0.6875 0.9675480769230769 0.021634615384615384 0.026442307692307692
1 0.6947115384615384 0.9266826923076923 0.026442307692307690 0.036057692307692304
1 0.7271634615384616 0.8870192307692307 0.016826923076923076 0.026442307692307692
1 0.7379807692307693 0.8581730769230769 0.016826923076923076 0.03125
1 0.7716346153846154 0.8257211538461539 0.021634615384615384 0.03125
1 0.7824519230769231 0.734375 0.021634615384615384 0.02403846153846154
0 0.8137019230769231 0.7199519230769231 0.021634615384615384 0.02403846153846154
1 0.8004807692307693 0.6875 0.021634615384615384 0.026442307692307692
0 0.7560096153846154 0.6875 0.021634615384615384 0.03125
1 0.7463942307692307 0.5733173076923077 0.021634615384615384 0.036057692307692304
0 0.7199519230769231 0.5276442307692307 0.021634615384615384 0.03125
0 0.7043269230769231 0.4170673076923077 0.03365384615384615 0.04567307692307692
1 0.7271634615384616 0.3641826923076923 0.03365384615384615 0.04567307692307692
1 0.6466346153846154 0.20673076923076920 0.038461538461538464 0.052884615384615384
1 0.7079326923076923 0.028846153846153848 0.04567307692307690 0.057692307692307696
1 0.5985576923076923 0.9771634615384616 0.01201923076923077 0.019230769230769232
1 0.6286057692307693 0.9338942307692307 0.016826923076923076 0.026442307692307692
1 0.6526442307692307 0.9182692307692307 0.021634615384615384 0.02403846153846154
0 0.6382211538461539 0.8713942307692307 0.014423076923076924 0.02403846153846154
1 0.6105769230769231 0.8846153846153846 0.021634615384615384 0.036057692307692304
1 0.7067307692307693 0.7728365384615384 0.021634615384615384 0.026442307692307692
1 0.6334134615384616 0.7824519230769231 0.021634615384615384 0.03125
0 0.6814903846153846 0.7427884615384616 0.021634615384615384 0.036057692307692304
0 0.7235576923076923 0.7079326923076923 0.021634615384615384 0.03125
1 0.6538461538461539 0.6911057692307693 0.026442307692307690 0.036057692307692304
1 0.671875 0.6141826923076923 0.026442307692307690 0.026442307692307692
1 0.5661057692307693 0.6682692307692307 0.021634615384615384 0.036057692307692304
1 0.59375 0.6201923076923077 0.026442307692307690 0.03125
1 0.6490384615384616 0.5240384615384616 0.02403846153846154 0.038461538461538464
1 0.5757211538461539 0.5612980769230769 0.028846153846153848 0.038461538461538464
1 0.6117788461538461 0.36538461538461536 0.028846153846153848 0.04567307692307692
1 0.5985576923076923 0.28966346153846156 0.028846153846153848 0.04567307692307692
1 0.5685096153846154 0.28125 0.03365384615384615 0.05048076923076923
1 0.5432692307692307 0.055288461538461536 0.04326923076923077 0.057692307692307696
1 0.5084134615384616 0.20673076923076920 0.02403846153846154 0.038461538461538464
1 0.5216346153846154 0.4098557692307690 0.03365384615384615 0.040865384615384616
1 0.5408653846153846 0.4483173076923077 0.03125 0.03125
1 0.5685096153846154 0.9266826923076923 0.014423076923076924 0.021634615384615384
1 0.5060096153846154 0.9699519230769231 0.014423076923076924 0.021634615384615384
1 0.5360576923076923 0.921875 0.01201923076923077 0.01201923076923077
1 0.5024038461538461 0.8966346153846154 0.021634615384615384 0.026442307692307692
1 0.4735576923076923 0.9423076923076923 0.016826923076923076 0.026442307692307692
1 0.5408653846153846 0.8569711538461539 0.021634615384615384 0.03125
1 0.4987980769230769 0.8016826923076923 0.01201923076923077 0.019230769230769232
1 0.5216346153846154 0.7596153846153846 0.026442307692307690 0.026442307692307692
1 0.46153846153846156 0.7067307692307693 0.021634615384615384 0.03125
1 0.5288461538461539 0.6346153846153846 0.02403846153846154 0.038461538461538464
1 0.46033653846153844 0.65625 0.021634615384615384 0.03125
1 0.47716346153846156 0.6274038461538461 0.028846153846153848 0.040865384615384616
1 0.5096153846153846 0.5432692307692307 0.021634615384615384 0.036057692307692304
1 0.4254807692307690 0.9939903846153846 0.02403846153846154 0.007211538461538462
1 0.40384615384615385 0.9242788461538461 0.016826923076923076 0.026442307692307692
1 0.3798076923076923 0.9459134615384616 0.014423076923076924 0.021634615384615384
1 0.35216346153846156 0.9314903846153846 0.01201923076923077 0.021634615384615384
1 0.34134615384615385 0.9278846153846154 0.016826923076923076 0.026442307692307692
0 0.36177884615384615 0.8798076923076923 0.014423076923076924 0.021634615384615384
1 0.30649038461538464 0.9146634615384616 0.016826923076923076 0.03125
0 0.3004807692307690 0.8810096153846154 0.016826923076923076 0.026442307692307692
1 0.3233173076923077 0.8173076923076923 0.021634615384615384 0.026442307692307692
0 0.390625 0.84375 0.021634615384615384 0.02403846153846154
0 0.4110576923076923 0.8233173076923077 0.021634615384615384 0.03125
1 0.3870192307692308 0.7163461538461539 0.021634615384615384 0.026442307692307692
1 0.40865384615384615 0.6165865384615384 0.026442307692307690 0.036057692307692304
1 0.34375 0.6322115384615384 0.021634615384615384 0.03125
1 0.4014423076923077 0.48677884615384615 0.03125 0.036057692307692304
1 0.3701923076923077 0.2512019230769231 0.038461538461538464 0.05048076923076923
1 0.41346153846153844 0.13701923076923078 0.038461538461538464 0.052884615384615384
1 0.31971153846153844 0.1875 0.038461538461538464 0.05048076923076923
1 0.22596153846153846 0.9555288461538461 0.016826923076923076 0.03125
0 0.20552884615384615 0.9435096153846154 0.014423076923076924 0.021634615384615384
1 0.21875 0.8894230769230769 0.014423076923076924 0.02403846153846154
1 0.21033653846153846 0.8617788461538461 0.021634615384615384 0.026442307692307692
1 0.2536057692307690 0.7884615384615384 0.021634615384615384 0.036057692307692304
1 0.203125 0.7271634615384616 0.021634615384615384 0.03125
1 0.3125 0.5961538461538461 0.028846153846153848 0.038461538461538464
1 0.28125 0.6225961538461539 0.026442307692307690 0.036057692307692304
1 0.28725961538461536 0.5600961538461539 0.026442307692307690 0.036057692307692304
1 0.27163461538461536 0.48677884615384615 0.028846153846153848 0.040865384615384616
1 0.296875 0.46634615384615385 0.03365384615384615 0.04567307692307692
1 0.20072115384615385 0.11298076923076923 0.038461538461538464 0.055288461538461536
1 0.04927884615384615 0.0673076923076923 0.04326923076923077 0.04326923076923077
1 0.06129807692307690 0.23918269230769230 0.038461538461538464 0.04567307692307692
1 0.03125 0.2644230769230769 0.03365384615384615 0.052884615384615384
1 0.04807692307692308 0.4423076923076923 0.03365384615384615 0.04567307692307692
1 0.055288461538461536 0.5132211538461539 0.03365384615384615 0.040865384615384616
1 0.009615384615384616 0.5600961538461539 0.01201923076923077 0.038461538461538464
1 0.10697115384615384 0.5637019230769231 0.021634615384615384 0.021634615384615384
1 0.09615384615384616 0.6081730769230769 0.028846153846153848 0.038461538461538464
1 0.1346153846153846 0.6658653846153846 0.028846153846153848 0.038461538461538464
1 0.09615384615384616 0.7235576923076923 0.02403846153846154 0.038461538461538464
1 0.14903846153846154 0.7151442307692307 0.026442307692307690 0.036057692307692304
1 0.17427884615384615 0.7536057692307693 0.021634615384615384 0.036057692307692304
1 0.11778846153846154 0.7692307692307693 0.014423076923076924 0.021634615384615384
1 0.17668269230769230 0.8125 0.021634615384615384 0.03125
1 0.16706730769230768 0.8701923076923077 0.016826923076923076 0.026442307692307692
1 0.07451923076923077 0.8653846153846154 0.014423076923076924 0.02403846153846154
1 0.06129807692307690 0.9423076923076923 0.016826923076923076 0.026442307692307692
1 0.15144230769230768 0.9663461538461539 0.016826923076923076 0.02403846153846154
1 0.1814903846153846 0.9903846153846154 0.016826923076923076 0.014423076923076924
1 0.1201923076923077 0.9879807692307693 0.019230769230769230 0.019230769230769232
0 0.054086538461538464 0.9771634615384616 0.01201923076923077 0.021634615384615384