0 0.53125 0.12259615384615384 0.21634615384615385 0.1346153846153846
1 0.6850961538461539 0.43149038461538464 0.20192307692307693 0.13221153846153846
1 0.7920673076923077 0.5360576923076923 0.16105769230769230 0.07211538461538461
1 0.8185096153846154 0.6670673076923077 0.20673076923076920 0.125
1 0.7560096153846154 0.8161057692307693 0.15865384615384615 0.09375
1 0.46033653846153844 0.6538461538461539 0.1201923076923077 0.0673076923076923
1 0.421875 0.7199519230769231 0.10817307692307693 0.06971153846153846
1 0.3762019230769231 0.5084134615384616 0.08653846153846154 0.04807692307692308
1 0.3245192307692308 0.5612980769230769 0.08653846153846154 0.057692307692307696
1 0.21514423076923078 0.5961538461538461 0.0625 0.038461538461538464
1 0.19471153846153846 0.6814903846153846 0.06009615384615385 0.038461538461538464
1 0.20192307692307693 0.5336538461538461 0.06009615384615385 0.038461538461538464
1 0.15384615384615385 0.5805288461538461 0.04326923076923077 0.028846153846153848
1 0.14182692307692307 0.6478365384615384 0.04326923076923077 0.03365384615384615
1 0.1310096153846154 0.7403846153846154 0.038461538461538464 0.03365384615384615
1 0.1310096153846154 0.9146634615384616 0.028846153846153848 0.026442307692307692