1 0.016826923076923076 0.4987980769230769 0.026442307692307690 0.04326923076923077
1 0.06370192307692307 0.7884615384615384 0.021634615384615384 0.036057692307692304
1 0.07211538461538461 0.47836538461538464 0.026442307692307690 0.04326923076923077
1 0.13701923076923078 0.4891826923076923 0.026442307692307690 0.052884615384615384
0 0.11298076923076923 0.6153846153846154 0.026442307692307690 0.04807692307692308
0 0.15745192307692307 0.6995192307692307 0.021634615384615384 0.04326923076923077
1 0.13701923076923078 0.3605769230769231 0.026442307692307690 0.04326923076923077
1 0.18870192307692307 0.3713942307692308 0.014423076923076924 0.04326923076923077
0 0.15504807692307693 0.25721153846153844 0.026442307692307690 0.038461538461538464
1 0.10336538461538461 0.13942307692307693 0.021634615384615384 0.038461538461538464
1 0.2668269230769231 0.6778846153846154 0.03125 0.057692307692307696
1 0.32572115384615385 0.8894230769230769 0.036057692307692304 0.057692307692307696
1 0.29927884615384615 0.6153846153846154 0.026442307692307690 0.052884615384615384
0 0.29927884615384615 0.47475961538461536 0.021634615384615384 0.038461538461538464
1 0.27884615384615385 0.40625 0.021634615384615384 0.04326923076923077
1 0.37259615384615385 0.484375 0.021634615384615384 0.04326923076923077
1 0.3858173076923077 0.6947115384615384 0.03125 0.052884615384615384
1 0.4182692307692308 0.8112980769230769 0.03125 0.0625
1 0.3870192307692308 0.796875 0.03125 0.0625
1 0.46634615384615385 0.9146634615384616 0.021634615384615384 0.04326923076923077
1 0.48677884615384615 0.6550480769230769 0.03125 0.057692307692307696
1 0.4699519230769231 0.6033653846153846 0.036057692307692304 0.036057692307692304
1 0.4519230769230769 0.4519230769230769 0.03125 0.04326923076923077
1 0.3629807692307690 0.36899038461538464 0.03125 0.04326923076923077
1 0.23918269230769230 0.25 0.02403846153846154 0.03125
0 0.22956730769230768 0.21033653846153846 0.021634615384615384 0.038461538461538464
0 0.2860576923076923 0.2644230769230769 0.026442307692307690 0.04326923076923077
0 0.32211538461538464 0.23798076923076920 0.021634615384615384 0.036057692307692304
1 0.3894230769230769 0.2692307692307690 0.026442307692307690 0.038461538461538464
1 0.3713942307692308 0.20192307692307693 0.026442307692307690 0.038461538461538464
1 0.29086538461538464 0.0733173076923077 0.021634615384615384 0.036057692307692304
1 0.328125 0.04326923076923077 0.016826923076923076 0.036057692307692304
1 0.35096153846153844 0.15865384615384615 0.021634615384615384 0.036057692307692304
1 0.4266826923076923 0.15504807692307693 0.019230769230769230 0.03125
1 0.2644230769230769 0.19591346153846154 0.021634615384615384 0.036057692307692304
1 0.4423076923076923 0.37259615384615385 0.026442307692307690 0.038461538461538464
1 0.4795673076923077 0.3161057692307690 0.026442307692307690 0.04807692307692308
1 0.5108173076923077 0.3641826923076923 0.026442307692307690 0.04326923076923077
1 0.5192307692307693 0.4831730769230769 0.021634615384615384 0.038461538461538464
1 0.6177884615384616 0.8822115384615384 0.036057692307692304 0.057692307692307696
1 0.6586538461538461 0.9699519230769231 0.038461538461538464 0.055288461538461536
1 0.6201923076923077 0.5757211538461539 0.026442307692307690 0.038461538461538464
1 0.6334134615384616 0.40865384615384615 0.026442307692307690 0.036057692307692304
1 0.5649038461538461 0.38461538461538464 0.026442307692307690 0.04326923076923077
1 0.5853365384615384 0.3485576923076923 0.021634615384615384 0.036057692307692304
1 0.59375 0.28365384615384615 0.021634615384615384 0.036057692307692304
1 0.5408653846153846 0.20552884615384615 0.021634615384615384 0.036057692307692304
1 0.3473557692307690 0.013221153846153846 0.016826923076923076 0.026442307692307692
0 0.4338942307692308 0.04447115384615385 0.01201923076923077 0.03125
1 0.46634615384615385 0.030048076923076924 0.021634615384615384 0.036057692307692304
1 0.5336538461538461 0.07692307692307693 0.021634615384615384 0.036057692307692304
1 0.5793269230769231 0.03125 0.014423076923076924 0.03125
1 0.6634615384615384 0.14423076923076920 0.021634615384615384 0.036057692307692304
0 0.6875 0.11658653846153846 0.019230769230769230 0.026442307692307692
1 0.6694711538461539 0.28846153846153844 0.019230769230769230 0.03125
1 0.703125 0.40024038461538464 0.021634615384615384 0.038461538461538464
1 0.7259615384615384 0.6213942307692307 0.03125 0.052884615384615384
1 0.7271634615384616 0.453125 0.026442307692307690 0.04326923076923077
1 0.75 0.5012019230769231 0.026442307692307690 0.04326923076923077
1 0.765625 0.42788461538461536 0.026442307692307690 0.04326923076923077
1 0.7548076923076923 0.5949519230769231 0.026442307692307690 0.04326923076923077
1 0.7223557692307693 0.08052884615384616 0.014423076923076924 0.03125
1 0.6850961538461539 0.021634615384615384 0.019230769230769230 0.03125
1 0.75 0.02403846153846154 0.01201923076923077 0.03125
1 0.7848557692307693 0.04326923076923077 0.01201923076923077 0.03125
0 0.7848557692307693 0.08774038461538461 0.014423076923076924 0.03125
0 0.7548076923076923 0.1658653846153846 0.014423076923076924 0.03125
1 0.8197115384615384 0.21754807692307693 0.021634615384615384 0.038461538461538464
1 0.8774038461538461 0.12620192307692307 0.019230769230769230 0.03125
0 0.8918269230769231 0.026442307692307690 0.014423076923076924 0.026442307692307692
1 0.921875 0.12379807692307693 0.019230769230769230 0.03125
1 0.90625 0.1971153846153846 0.021634615384615384 0.036057692307692304
1 0.8966346153846154 0.27283653846153844 0.026442307692307690 0.038461538461538464
1 0.8629807692307693 0.30288461538461536 0.021634615384615384 0.038461538461538464
1 0.9158653846153846 0.3233173076923077 0.021634615384615384 0.038461538461538464
1 0.9591346153846154 0.2644230769230769 0.01201923076923077 0.026442307692307692
1 0.9266826923076923 0.3918269230769231 0.026442307692307690 0.04326923076923077
1 0.9567307692307693 0.47115384615384615 0.026442307692307690 0.038461538461538464
1 0.9735576923076923 0.3233173076923077 0.021634615384615384 0.04326923076923077
1 0.8713942307692307 0.0889423076923077 0.014423076923076924 0.026442307692307692
1 0.9819711538461539 0.6923076923076923 0.021634615384615384 0.052884615384615384
1 0.9831730769230769 0.6009615384615384 0.026442307692307690 0.04807692307692308
1 0.9375 0.5264423076923077 0.026442307692307690 0.036057692307692304