1 0.6502403846153846 0.16466346153846154 0.06971153846153846 0.055288461538461536
1 0.6742788461538461 0.2800480769230769 0.07451923076923077 0.055288461538461536
1 0.6706730769230769 0.39783653846153844 0.08173076923076923 0.0673076923076923
1 0.6442307692307693 0.06370192307692307 0.04807692307692308 0.03125
1 0.7367788461538461 0.26322115384615385 0.052884615384615384 0.038461538461538464
1 0.7139423076923077 0.19591346153846154 0.040865384615384616 0.026442307692307692
1 0.7199519230769231 0.3581730769230769 0.07932692307692307 0.055288461538461536
1 0.7788461538461539 0.8088942307692307 0.06971153846153846 0.057692307692307696
1 0.7932692307692307 0.6478365384615384 0.06971153846153846 0.055288461538461536
1 0.7620192307692307 0.5492788461538461 0.06971153846153846 0.055288461538461536
0 0.7824519230769231 0.7091346153846154 0.0889423076923077 0.04807692307692308
1 0.8497596153846154 0.8365384615384616 0.057692307692307696 0.038461538461538464
1 0.59375 0.07572115384615384 0.06009615384615385 0.028846153846153848