0 0.9855769230769231 0.8942307692307693 0.02403846153846154 0.0673076923076923
1 0.7079326923076923 0.9302884615384616 0.10096153846153846 0.0673076923076923
1 0.7668269230769231 0.7259615384615384 0.0889423076923077 0.06971153846153846
1 0.953125 0.6646634615384616 0.0889423076923077 0.07451923076923077
0 0.5829326923076923 0.9326923076923077 0.09134615384615384 0.06009615384615385
1 0.2704326923076923 0.9362980769230769 0.12259615384615384 0.08413461538461539
0 0.33413461538461536 0.8798076923076923 0.11538461538461539 0.0673076923076923
1 0.5444711538461539 0.7487980769230769 0.10096153846153846 0.0673076923076923
1 0.8641826923076923 0.4639423076923077 0.08413461538461539 0.07211538461538461
1 0.7331730769230769 0.4879807692307690 0.10096153846153846 0.07932692307692307
1 0.5793269230769231 0.4891826923076923 0.10096153846153846 0.07451923076923077
1 0.09735576923076923 0.6850961538461539 0.11778846153846154 0.08173076923076923
1 0.25240384615384615 0.5084134615384616 0.10096153846153846 0.08413461538461539
1 0.17067307692307693 0.4651442307692308 0.11778846153846154 0.08653846153846154
1 0.49759615384615385 0.3389423076923077 0.09375 0.06490384615384616
1 0.7139423076923077 0.29086538461538464 0.0985576923076923 0.07211538461538461
1 0.7079326923076923 0.1971153846153846 0.10817307692307693 0.07211538461538461
1 0.8725961538461539 0.09735576923076923 0.07692307692307693 0.052884615384615384
1 0.6081730769230769 0.046875 0.0889423076923077 0.07692307692307693
1 0.3076923076923077 0.054086538461538464 0.09375 0.07211538461538461