1 0.27163461538461536 0.9855769230769231 0.07211538461538461 0.02403846153846154
1 0.12740384615384615 0.8882211538461539 0.13221153846153846 0.0673076923076923
1 0.33653846153846156 0.75 0.07211538461538461 0.028846153846153848
0 0.3329326923076923 0.6370192307692307 0.06009615384615385 0.03125
1 0.15264423076923078 0.6117788461538461 0.09375 0.038461538461538464
1 0.1658653846153846 0.5036057692307693 0.08413461538461539 0.028846153846153848
1 0.2283653846153846 0.5108173076923077 0.06971153846153846 0.03125
1 0.21875 0.359375 0.07451923076923077 0.038461538461538464
1 0.22355769230769230 0.31009615384615385 0.07451923076923077 0.038461538461538464
1 0.28365384615384615 0.24158653846153846 0.04326923076923077 0.021634615384615384
1 0.22716346153846154 0.19831730769230768 0.07451923076923077 0.04326923076923077
1 0.25 0.12259615384615384 0.06490384615384616 0.03125
1 0.25 0.08653846153846154 0.0673076923076923 0.026442307692307692