1 0.3581730769230769 0.8701923076923077 0.19230769230769230 0.1466346153846154
1 0.1310096153846154 0.7235576923076923 0.21875 0.16105769230769232
1 0.4879807692307690 0.6862980769230769 0.11778846153846154 0.08653846153846154
1 0.46875 0.7608173076923077 0.07692307692307693 0.0625
1 0.6105769230769231 0.7235576923076923 0.08173076923076923 0.0625
1 0.6033653846153846 0.6069711538461539 0.10096153846153846 0.0625
1 0.6286057692307693 0.6502403846153846 0.052884615384615384 0.038461538461538464
1 0.49759615384615385 0.5228365384615384 0.13221153846153846 0.09375
1 0.6334134615384616 0.40384615384615385 0.13221153846153846 0.09134615384615384
1 0.7067307692307693 0.265625 0.10336538461538461 0.06971153846153846
1 0.45913461538461536 0.2247596153846154 0.15625 0.11778846153846154
1 0.19951923076923078 0.0829326923076923 0.23076923076923078 0.1658653846153846
1 0.7019230769230769 0.14423076923076920 0.07932692307692307 0.052884615384615384
1 0.6394230769230769 0.06850961538461539 0.07692307692307693 0.06009615384615385
1 0.3894230769230769 0.036057692307692304 0.23076923076923078 0.07211538461538461
1 0.6201923076923077 0.33533653846153844 0.07932692307692307 0.057692307692307696
1 0.7391826923076923 0.08653846153846154 0.05048076923076923 0.04567307692307692