1 0.5721153846153846 0.453125 0.055288461538461536 0.04567307692307692
1 0.4735576923076923 0.21995192307692307 0.04807692307692308 0.04567307692307692
0 0.45072115384615385 0.12860576923076920 0.052884615384615384 0.04567307692307692
0 0.5204326923076923 0.2776442307692308 0.04807692307692308 0.04567307692307692
0 0.5649038461538461 0.3329326923076923 0.04326923076923077 0.038461538461538464
0 0.5889423076923077 0.5180288461538461 0.055288461538461536 0.040865384615384616
0 0.6141826923076923 0.6177884615384616 0.052884615384615384 0.04567307692307692
0 0.6153846153846154 0.5408653846153846 0.04326923076923077 0.038461538461538464
0 0.6442307692307693 0.7824519230769231 0.057692307692307696 0.05048076923076923
0 0.6310096153846154 0.7007211538461539 0.055288461538461536 0.040865384615384616
0 0.4831730769230769 0.7572115384615384 0.052884615384615384 0.040865384615384616
0 0.5528846153846154 0.375 0.055288461538461536 0.04567307692307692
1 0.6274038461538461 0.9158653846153846 0.03125 0.026442307692307692
0 0.4891826923076923 0.15625 0.028846153846153848 0.028846153846153848