1 0.36177884615384615 0.06129807692307690 0.31971153846153844 0.12259615384615384
0 0.9435096153846154 0.484375 0.07211538461538461 0.04807692307692308
1 0.9615384615384616 0.38461538461538464 0.07211538461538461 0.07211538461538461
1 0.859375 0.30408653846153844 0.0889423076923077 0.06490384615384616
1 0.8353365384615384 0.390625 0.11057692307692307 0.08413461538461539
0 0.7776442307692307 0.6274038461538461 0.07451923076923077 0.04807692307692308
0 0.7283653846153846 0.5829326923076923 0.09134615384615384 0.07211538461538461
1 0.828125 0.734375 0.10336538461538461 0.06971153846153846
1 0.7572115384615384 0.8641826923076923 0.08653846153846154 0.057692307692307696
1 0.4831730769230769 0.7764423076923077 0.11538461538461539 0.09615384615384616
1 0.5853365384615384 0.9471153846153846 0.09134615384615384 0.07451923076923077
1 0.5841346153846154 0.5072115384615384 0.12259615384615384 0.08413461538461539