1 0.9555288461538461 0.4579326923076923 0.08413461538461539 0.13221153846153846
1 0.9050480769230769 0.6177884615384616 0.04567307692307690 0.06490384615384616
1 0.8653846153846154 0.6478365384615384 0.03365384615384615 0.04567307692307692
1 0.8125 0.6862980769230769 0.026442307692307690 0.03125
1 0.9615384615384616 0.6899038461538461 0.026442307692307690 0.028846153846153848
1 0.7944711538461539 0.6045673076923077 0.04326923076923077 0.04807692307692308
1 0.7512019230769231 0.6682692307692307 0.03365384615384615 0.040865384615384616
1 0.7163461538461539 0.4963942307692308 0.13221153846153846 0.17548076923076922
1 0.6935096153846154 0.6694711538461539 0.026442307692307690 0.028846153846153848
1 0.609375 0.6466346153846154 0.021634615384615384 0.021634615384615384
1 0.5889423076923077 0.6213942307692307 0.03125 0.036057692307692304
1 0.5540865384615384 0.5540865384615384 0.05048076923076923 0.06490384615384616
1 0.453125 0.5528846153846154 0.07211538461538461 0.09375
1 0.4831730769230769 0.5997596153846154 0.028846153846153848 0.05048076923076923
1 0.5432692307692307 0.625 0.021634615384615384 0.026442307692307692
1 0.40024038461538464 0.6394230769230769 0.03125 0.03125
1 0.29086538461538464 0.5865384615384616 0.026442307692307690 0.028846153846153848
1 0.2860576923076923 0.6346153846153846 0.021634615384615384 0.026442307692307692
1 0.25 0.5348557692307693 0.026442307692307690 0.036057692307692304
1 0.2608173076923077 0.6153846153846154 0.021634615384615384 0.019230769230769232
1 0.21514423076923078 0.5745192307692307 0.021634615384615384 0.03125
1 0.17307692307692307 0.5228365384615384 0.055288461538461536 0.0673076923076923
1 0.10216346153846154 0.5600961538461539 0.026442307692307690 0.036057692307692304
1 0.014423076923076924 0.49038461538461536 0.028846153846153848 0.07211538461538461
1 0.030048076923076924 0.5649038461538461 0.03125 0.036057692307692304
0 0.4423076923076923 0.6466346153846154 0.016826923076923076 0.021634615384615384