1 0.7079326923076923 0.0889423076923077 0.028846153846153848 0.06490384615384616
1 0.7391826923076923 0.12860576923076920 0.04326923076923077 0.06971153846153846
1 0.8461538461538461 0.6069711538461539 0.09134615384615384 0.14423076923076922
1 0.6646634615384616 0.5084134615384616 0.07211538461538461 0.12980769230769232
1 0.5697115384615384 0.30528846153846156 0.0625 0.11538461538461539
1 0.5673076923076923 0.025240384615384616 0.021634615384615384 0.038461538461538464
1 0.5120192307692307 0.046875 0.021634615384615384 0.04807692307692308
1 0.41586538461538464 0.08413461538461539 0.03125 0.05048076923076923
1 0.4423076923076923 0.25240384615384615 0.06009615384615385 0.11057692307692307
1 0.4266826923076923 0.42788461538461536 0.06971153846153846 0.12740384615384615
1 0.33052884615384615 0.2548076923076923 0.06490384615384616 0.11298076923076923
0 0.22716346153846154 0.14302884615384615 0.03365384615384615 0.06009615384615385
1 0.16706730769230768 0.17908653846153846 0.038461538461538464 0.07932692307692307
1 0.18269230769230768 0.0673076923076923 0.03365384615384615 0.055288461538461536
1 0.11899038461538461 0.06370192307692307 0.038461538461538464 0.06009615384615385
1 0.07091346153846154 0.09254807692307693 0.036057692307692304 0.04807692307692308