1 0.9375 0.39302884615384615 0.1201923076923077 0.3245192307692308
0 0.484375 0.9435096153846154 0.05048076923076923 0.07451923076923077
1 0.5853365384615384 0.9639423076923077 0.07451923076923077 0.0673076923076923
1 0.6706730769230769 0.8713942307692307 0.06971153846153846 0.09134615384615384
1 0.5853365384615384 0.8425480769230769 0.0889423076923077 0.11298076923076923
0 0.35336538461538464 0.7680288461538461 0.052884615384615384 0.07692307692307693
0 0.4014423076923077 0.7223557692307693 0.07692307692307693 0.09375
1 0.2439903846153846 0.8100961538461539 0.07692307692307693 0.10576923076923077
1 0.11899038461538461 0.7307692307692307 0.06009615384615385 0.0889423076923077
1 0.2247596153846154 0.4639423076923077 0.10096153846153846 0.1201923076923077
1 0.046875 0.5540865384615384 0.07932692307692307 0.09615384615384616
1 0.48677884615384615 0.5829326923076923 0.09134615384615384 0.125