1 0.7560096153846154 0.9074519230769231 0.10096153846153846 0.07211538461538461
0 0.6057692307692307 0.9675480769230769 0.0889423076923077 0.06009615384615385
1 0.7668269230769231 0.7043269230769231 0.08173076923076923 0.0625
1 0.6598557692307693 0.7487980769230769 0.06490384615384616 0.04567307692307692
1 0.8677884615384616 0.16105769230769230 0.08173076923076923 0.057692307692307696
0 0.7956730769230769 0.171875 0.10336538461538461 0.07451923076923077
0 0.8004807692307693 0.5408653846153846 0.11298076923076923 0.08413461538461539
0 0.7668269230769231 0.24519230769230768 0.10096153846153846 0.07211538461538461
0 0.8918269230769231 0.09375 0.06971153846153846 0.055288461538461536
0 0.7776442307692307 0.41947115384615385 0.07932692307692307 0.057692307692307696
0 0.7548076923076923 0.6586538461538461 0.06490384615384616 0.04567307692307692
0 0.7920673076923077 0.7932692307692307 0.07692307692307693 0.06009615384615385
0 0.8173076923076923 0.29927884615384615 0.0673076923076923 0.04567307692307692