1 0.7259615384615384 0.08052884615384616 0.08653846153846154 0.04567307692307692
1 0.6802884615384616 0.16105769230769230 0.07211538461538461 0.052884615384615384
1 0.7632211538461539 0.29447115384615385 0.057692307692307696 0.028846153846153848
1 0.703125 0.34975961538461536 0.0985576923076923 0.05048076923076923
1 0.7632211538461539 0.36538461538461536 0.0625 0.028846153846153848
1 0.7235576923076923 0.4014423076923077 0.07692307692307693 0.040865384615384616
1 0.5252403846153846 0.4519230769230769 0.08173076923076923 0.052884615384615384
1 0.7451923076923077 0.42788461538461536 0.057692307692307696 0.014423076923076924
1 0.7283653846153846 0.4723557692307690 0.0625 0.028846153846153848
1 0.7331730769230769 0.5216346153846154 0.06971153846153846 0.03125
1 0.7271634615384616 0.5552884615384616 0.08173076923076923 0.04567307692307692
1 0.7007211538461539 0.6081730769230769 0.06490384615384616 0.038461538461538464
1 0.6742788461538461 0.6454326923076923 0.07692307692307693 0.040865384615384616
1 0.6526442307692307 0.7091346153846154 0.08173076923076923 0.055288461538461536
1 0.7896634615384616 0.7139423076923077 0.052884615384615384 0.02403846153846154
1 0.75 0.7632211538461539 0.06971153846153846 0.038461538461538464
0 0.75 0.8004807692307693 0.0625 0.03365384615384615
1 0.7596153846153846 0.8329326923076923 0.04326923076923077 0.021634615384615384
1 0.7692307692307693 0.875 0.06490384615384616 0.038461538461538464
1 0.7524038461538461 0.9314903846153846 0.07692307692307693 0.05048076923076923