1 0.6165865384615384 0.9699519230769231 0.08413461538461539 0.055288461538461536
1 0.31009615384615385 0.9194711538461539 0.06009615384615385 0.03125
1 0.3161057692307690 0.8353365384615384 0.0625 0.04567307692307692
0 0.4098557692307690 0.9375 0.0673076923076923 0.036057692307692304
0 0.42788461538461536 0.9735576923076923 0.07451923076923077 0.038461538461538464
1 0.22355769230769230 0.6466346153846154 0.09615384615384616 0.07451923076923077
1 0.25240384615384615 0.5769230769230769 0.08653846153846154 0.0673076923076923
1 0.2980769230769231 0.47115384615384615 0.10336538461538461 0.07692307692307693
1 0.34375 0.32211538461538464 0.0889423076923077 0.06490384615384616
1 0.3425480769230769 0.20673076923076920 0.10336538461538461 0.07692307692307693
1 0.48197115384615385 0.018028846153846150 0.06009615384615385 0.036057692307692304
0 0.5985576923076923 0.037259615384615384 0.08173076923076923 0.052884615384615384