1 0.8317307692307693 0.39663461538461536 0.125 0.12259615384615384
1 0.6550480769230769 0.31971153846153844 0.0889423076923077 0.13942307692307693
1 0.5901442307692307 0.3173076923076923 0.08653846153846154 0.125
1 0.5120192307692307 0.2860576923076923 0.08413461538461539 0.11778846153846154
1 0.40865384615384615 0.30649038461538464 0.07692307692307693 0.11298076923076923
1 0.36538461538461536 0.2956730769230769 0.04807692307692308 0.10576923076923077
1 0.3329326923076923 0.3112980769230769 0.04567307692307690 0.09134615384615384
1 0.265625 0.23197115384615385 0.0673076923076923 0.0985576923076923
1 0.22716346153846154 0.28365384615384615 0.0673076923076923 0.0889423076923077
1 0.09014423076923077 0.31971153846153844 0.040865384615384616 0.0625
1 0.008413461538461538 0.3016826923076923 0.016826923076923076 0.07451923076923077