0 0.11298076923076923 0.5084134615384616 0.17307692307692307 0.27403846153846156
1 0.4495192307692308 0.36538461538461536 0.15144230769230768 0.2668269230769231
1 0.5709134615384616 0.25721153846153844 0.0985576923076923 0.1971153846153846
1 0.7007211538461539 0.23798076923076920 0.15625 0.24519230769230768
1 0.8413461538461539 0.33052884615384615 0.11778846153846154 0.2091346153846154
1 0.6334134615384616 0.6574519230769231 0.08173076923076923 0.14903846153846154
1 0.6923076923076923 0.7079326923076923 0.08173076923076923 0.12740384615384615
1 0.47596153846153844 0.7379807692307693 0.057692307692307696 0.11057692307692307
1 0.515625 0.8052884615384616 0.0625 0.10336538461538461
1 0.4519230769230769 0.6634615384615384 0.07692307692307693 0.10336538461538461
1 0.5372596153846154 0.9326923076923077 0.04807692307692308 0.07211538461538461
1 0.6177884615384616 0.9675480769230769 0.04807692307692308 0.06009615384615385
1 0.4723557692307690 0.9375 0.04567307692307690 0.0673076923076923