1 0.7572115384615384 0.8737980769230769 0.0889423076923077 0.07211538461538461
1 0.5588942307692307 0.7355769230769231 0.07692307692307693 0.06009615384615385
1 0.7752403846153846 0.6105769230769231 0.07932692307692307 0.06490384615384616
1 0.9002403846153846 0.1814903846153846 0.07692307692307693 0.06009615384615385
1 0.8221153846153846 0.390625 0.06009615384615385 0.05048076923076923
1 0.8197115384615384 0.47475961538461536 0.055288461538461536 0.04567307692307692
1 0.7788461538461539 0.5084134615384616 0.052884615384615384 0.040865384615384616
1 0.6899038461538461 0.984375 0.04807692307692308 0.026442307692307692
1 0.7848557692307693 0.7944711538461539 0.04807692307692308 0.03365384615384615
1 0.7668269230769231 0.7391826923076923 0.038461538461538464 0.026442307692307692
1 0.7740384615384616 0.6899038461538461 0.036057692307692304 0.026442307692307692
1 0.9122596153846154 0.12259615384615384 0.03365384615384615 0.026442307692307692