1 0.20072115384615385 0.8677884615384616 0.07211538461538461 0.040865384615384616
1 0.21514423076923078 0.75 0.07451923076923077 0.052884615384615384
1 0.23798076923076920 0.6574519230769231 0.057692307692307696 0.038461538461538464
1 0.12139423076923077 0.5625 0.09615384615384616 0.06009615384615385
1 0.16947115384615385 0.5072115384615384 0.04807692307692308 0.03365384615384615
1 0.18028846153846154 0.4338942307692308 0.07451923076923077 0.052884615384615384
1 0.3713942307692308 0.36778846153846156 0.07451923076923077 0.04567307692307692
1 0.15625 0.3088942307692308 0.07451923076923077 0.052884615384615384
1 0.21514423076923078 0.22596153846153846 0.07692307692307693 0.05048076923076923
1 0.23557692307692307 0.15865384615384615 0.057692307692307696 0.03365384615384615
1 0.23798076923076920 0.11658653846153846 0.06009615384615385 0.04326923076923077
1 0.18870192307692307 0.09134615384615384 0.040865384615384616 0.02403846153846154
1 0.16466346153846154 0.025240384615384616 0.08413461538461539 0.05048076923076923