1 0.7632211538461539 0.7824519230769231 0.055288461538461536 0.07932692307692307
1 0.6237980769230769 0.7572115384615384 0.03125 0.05048076923076923
0 0.5853365384615384 0.7800480769230769 0.036057692307692304 0.055288461538461536
0 0.5600961538461539 0.703125 0.036057692307692304 0.040865384615384616
0 0.5144230769230769 0.7632211538461539 0.036057692307692304 0.06490384615384616
1 0.4098557692307690 0.7932692307692307 0.026442307692307690 0.04326923076923077
1 0.36899038461538464 0.7151442307692307 0.036057692307692304 0.06490384615384616
1 0.2668269230769231 0.7247596153846154 0.038461538461538464 0.07451923076923077
0 0.19110576923076920 0.7764423076923077 0.052884615384615384 0.07932692307692307
1 0.10216346153846154 0.7367788461538461 0.055288461538461536 0.08653846153846154
0 0.6742788461538461 0.6995192307692307 0.03125 0.036057692307692304