1 0.9783653846153846 0.8076923076923077 0.026442307692307690 0.0673076923076923
1 0.9302884615384616 0.8762019230769231 0.026442307692307690 0.057692307692307696
1 0.8930288461538461 0.7824519230769231 0.03125 0.057692307692307696
1 0.8088942307692307 0.8064903846153846 0.036057692307692304 0.07211538461538461
1 0.7427884615384616 0.7788461538461539 0.055288461538461536 0.0889423076923077
1 0.703125 0.8737980769230769 0.03125 0.07692307692307693
1 0.6478365384615384 0.8762019230769231 0.026442307692307690 0.057692307692307696
1 0.4879807692307690 0.7944711538461539 0.040865384615384616 0.09375
1 0.4098557692307690 0.828125 0.040865384615384616 0.0985576923076923
1 0.296875 0.8317307692307693 0.06009615384615385 0.11778846153846154
1 0.20673076923076920 0.8185096153846154 0.05048076923076923 0.10336538461538461
1 0.11778846153846154 0.8569711538461539 0.040865384615384616 0.06971153846153846
0 0.09375 0.5588942307692307 0.03125 0.07692307692307693