1 0.6346153846153846 0.5757211538461539 0.21153846153846154 0.2620192307692308
1 0.9543269230769231 0.7680288461538461 0.08653846153846154 0.24278846153846154
1 0.8509615384615384 0.21514423076923078 0.15144230769230768 0.18509615384615385
1 0.6153846153846154 0.2824519230769231 0.14182692307692307 0.16105769230769232
1 0.3125 0.3942307692307690 0.18269230769230768 0.21153846153846154
1 0.40024038461538464 0.19110576923076920 0.13942307692307693 0.1778846153846154
1 0.17307692307692307 0.16466346153846154 0.125 0.15865384615384615
1 0.9242788461538461 0.23076923076923078 0.07211538461538461 0.1201923076923077
1 0.057692307692307696 0.20793269230769230 0.11538461538461539 0.13701923076923078
1 0.2668269230769231 0.13942307692307693 0.09134615384615384 0.125
0 0.49038461538461536 0.18870192307692307 0.09134615384615384 0.11538461538461539
0 0.06850961538461539 0.3798076923076923 0.13701923076923078 0.20192307692307693