1 0.8786057692307693 0.9387019230769231 0.12740384615384615 0.11778846153846154
1 0.7692307692307693 0.8293269230769231 0.08413461538461539 0.1201923076923077
1 0.6658653846153846 0.7620192307692307 0.15625 0.24519230769230768
1 0.49278846153846156 0.6129807692307693 0.09615384615384616 0.17067307692307693
1 0.7103365384615384 0.2644230769230769 0.052884615384615384 0.07932692307692307
1 0.6478365384615384 0.12740384615384615 0.04567307692307690 0.0625
1 0.6069711538461539 0.25721153846153844 0.040865384615384616 0.07211538461538461
1 0.546875 0.140625 0.03365384615384615 0.04567307692307692
1 0.4519230769230769 0.14423076923076920 0.04567307692307690 0.0673076923076923
1 0.4519230769230769 0.36538461538461536 0.04567307692307690 0.07211538461538461
1 0.30288461538461536 0.5360576923076923 0.1201923076923077 0.17067307692307693
1 0.2848557692307690 0.1622596153846154 0.040865384615384616 0.06009615384615385
0 0.17548076923076920 0.3004807692307690 0.04567307692307690 0.0625
0 0.3737980769230769 0.1814903846153846 0.04567307692307690 0.0673076923076923
0 0.5588942307692307 0.46274038461538464 0.057692307692307696 0.07932692307692307