0 0.0889423076923077 0.6165865384615384 0.09134615384615384 0.14423076923076922
0 0.1778846153846154 0.5084134615384616 0.08173076923076923 0.11298076923076923
0 0.21754807692307693 0.3401442307692308 0.09375 0.15144230769230768
0 0.20552884615384615 0.6706730769230769 0.08653846153846154 0.14423076923076922
0 0.3485576923076923 0.4182692307692308 0.10576923076923077 0.17548076923076922
1 0.46274038461538464 0.41225961538461536 0.12980769230769230 0.2091346153846154
0 0.4987980769230769 0.6983173076923077 0.08173076923076923 0.14423076923076922
0 0.6382211538461539 0.3605769230769231 0.11298076923076923 0.17307692307692307
0 0.6165865384615384 0.5300480769230769 0.09134615384615384 0.14423076923076922
1 0.9026442307692307 0.4423076923076923 0.11778846153846154 0.19951923076923078
0 0.9194711538461539 0.7379807692307693 0.07932692307692307 0.12980769230769232
0 0.6153846153846154 0.8798076923076923 0.07692307692307693 0.11538461538461539
0 0.8088942307692307 0.8701923076923077 0.06009615384615385 0.0889423076923077
0 0.4362980769230769 0.7151442307692307 0.07451923076923077 0.10576923076923077