1 0.6502403846153846 0.13221153846153846 0.0889423076923077 0.07932692307692307
1 0.5865384615384616 0.25240384615384615 0.08173076923076923 0.0673076923076923
1 0.5504807692307693 0.3161057692307690 0.07932692307692307 0.055288461538461536
1 0.8329326923076923 0.41466346153846156 0.10817307692307693 0.08413461538461539
1 0.4735576923076923 0.4699519230769231 0.09375 0.07451923076923077
1 0.4326923076923077 0.7620192307692307 0.11298076923076923 0.09134615384615384
1 0.4855769230769231 0.9338942307692307 0.07932692307692307 0.04567307692307692
1 0.3870192307692308 0.5168269230769231 0.07932692307692307 0.04567307692307692
1 0.34134615384615385 0.6069711538461539 0.06490384615384616 0.03125
1 0.25600961538461536 0.5348557692307693 0.06009615384615385 0.038461538461538464
1 0.234375 0.4338942307692308 0.04567307692307690 0.03365384615384615
1 0.47836538461538464 0.15625 0.06971153846153846 0.040865384615384616
0 0.3918269230769231 0.25600961538461536 0.04807692307692308 0.04326923076923077
1 0.39903846153846156 0.13581730769230768 0.04326923076923077 0.028846153846153848
1 0.4326923076923077 0.3449519230769231 0.0625 0.04807692307692308
1 0.2800480769230769 0.28725961538461536 0.04567307692307690 0.028846153846153848
1 0.28966346153846156 0.12620192307692307 0.04567307692307690 0.028846153846153848
1 0.34975961538461536 0.19110576923076920 0.040865384615384616 0.028846153846153848
1 0.38461538461538464 0.07932692307692307 0.040865384615384616 0.028846153846153848
1 0.3269230769230769 0.054086538461538464 0.03125 0.021634615384615384
1 0.2439903846153846 0.1935096153846154 0.03125 0.021634615384615384