1 0.9362980769230769 0.2091346153846154 0.04807692307692308 0.08173076923076923
1 0.8293269230769231 0.23677884615384615 0.04326923076923077 0.07692307692307693
1 0.7403846153846154 0.25841346153846156 0.04807692307692308 0.07692307692307693
1 0.6802884615384616 0.17307692307692307 0.04326923076923077 0.08173076923076923
1 0.6298076923076923 0.22115384615384615 0.04567307692307690 0.08653846153846154
1 0.5288461538461539 0.2644230769230769 0.05048076923076923 0.08653846153846154
1 0.4026442307692308 0.2692307692307690 0.04567307692307690 0.08173076923076923
1 0.3233173076923077 0.3293269230769231 0.04326923076923077 0.07211538461538461
1 0.23197115384615385 0.33533653846153844 0.04326923076923077 0.07692307692307693
1 0.14543269230769230 0.39783653846153844 0.052884615384615384 0.07211538461538461
1 0.028846153846153848 0.3786057692307690 0.057692307692307696 0.0889423076923077