1 0.5480769230769231 0.10576923076923077 0.1778846153846154 0.11778846153846154
1 0.8040865384615384 0.1935096153846154 0.20192307692307693 0.12980769230769232
1 0.46634615384615385 0.3161057692307690 0.10817307692307693 0.06971153846153846
1 0.46634615384615385 0.23918269230769230 0.06971153846153846 0.052884615384615384
1 0.33774038461538464 0.31009615384615385 0.07692307692307693 0.05048076923076923
1 0.3737980769230769 0.421875 0.09615384615384616 0.04567307692307692
1 0.3389423076923077 0.3858173076923077 0.04807692307692308 0.03125
1 0.4963942307692308 0.47716346153846156 0.12259615384615384 0.07451923076923077
1 0.3942307692307690 0.625 0.12259615384615384 0.07211538461538461
1 0.3557692307692308 0.7776442307692307 0.09615384615384616 0.052884615384615384
1 0.6069711538461539 0.7572115384615384 0.14182692307692307 0.09615384615384616
1 0.8954326923076923 0.8449519230769231 0.20673076923076920 0.15625
1 0.3894230769230769 0.8930288461538461 0.07451923076923077 0.04326923076923077
1 0.46875 0.9519230769230769 0.06971153846153846 0.05048076923076923
1 0.7271634615384616 0.9507211538461539 0.21875 0.0889423076923077
1 0.4230769230769231 0.6887019230769231 0.07451923076923077 0.04567307692307692
1 0.36778846153846156 0.9591346153846154 0.04567307692307690 0.040865384615384616