1 0.07211538461538461 0.2536057692307690 0.07211538461538461 0.09375
1 0.06009615384615385 0.40024038461538464 0.07692307692307693 0.09375
1 0.17668269230769230 0.32572115384615385 0.10817307692307693 0.16346153846153846
1 0.2644230769230769 0.359375 0.0625 0.0889423076923077
1 0.5504807692307693 0.18389423076923078 0.0889423076923077 0.12980769230769232
1 0.8461538461538461 0.3713942307692308 0.12740384615384615 0.18028846153846154
1 0.9122596153846154 0.5072115384615384 0.06009615384615385 0.08653846153846154
1 0.7091346153846154 0.47596153846153844 0.06009615384615385 0.06971153846153846
1 0.7668269230769231 0.4699519230769231 0.040865384615384616 0.0625
1 0.2824519230769231 0.2692307692307690 0.06009615384615385 0.07932692307692307
1 0.9435096153846154 0.43028846153846156 0.04567307692307690 0.0625
1 0.9435096153846154 0.5396634615384616 0.038461538461538464 0.06490384615384616
1 0.5901442307692307 0.2620192307692308 0.04567307692307690 0.09615384615384616