1 0.8425480769230769 0.6550480769230769 0.06490384615384616 0.08413461538461539
1 0.6334134615384616 0.7151442307692307 0.08173076923076923 0.11057692307692307
1 0.4675480769230769 0.7451923076923077 0.06971153846153846 0.09375
0 0.28966346153846156 0.7728365384615384 0.06490384615384616 0.07932692307692307
0 0.09014423076923077 0.78125 0.0625 0.07692307692307693
0 0.10817307692307693 0.9783653846153846 0.04326923076923077 0.038461538461538464
0 0.43990384615384615 0.9771634615384616 0.02403846153846154 0.040865384615384616
0 0.5 0.9543269230769231 0.016826923076923076 0.03125
0 0.24639423076923078 0.921875 0.016826923076923076 0.026442307692307692
0 0.31971153846153844 0.9134615384615384 0.016826923076923076 0.02403846153846154
0 0.35697115384615385 0.9146634615384616 0.016826923076923076 0.02403846153846154
1 0.6262019230769231 0.8870192307692307 0.02403846153846154 0.03125
0 0.6911057692307693 0.8581730769230769 0.016826923076923076 0.02403846153846154
0 0.8473557692307693 0.8533653846153846 0.016826923076923076 0.026442307692307692
0 0.90625 0.8401442307692307 0.02403846153846154 0.036057692307692304
0 0.9891826923076923 0.8365384615384616 0.016826923076923076 0.038461538461538464