1 0.5444711538461539 0.02403846153846154 0.07932692307692307 0.04807692307692308
1 0.578125 0.09254807692307693 0.07451923076923077 0.04807692307692308
1 0.5709134615384616 0.19471153846153846 0.07451923076923077 0.052884615384615384
1 0.5889423076923077 0.2920673076923077 0.06490384615384616 0.04807692307692308
1 0.5649038461538461 0.35096153846153844 0.08413461538461539 0.04807692307692308
1 0.5372596153846154 0.484375 0.07692307692307693 0.04807692307692308
1 0.5745192307692307 0.5084134615384616 0.0889423076923077 0.03365384615384615
1 0.5552884615384616 0.6165865384615384 0.05048076923076923 0.026442307692307692
1 0.6586538461538461 0.703125 0.09615384615384616 0.06009615384615385
1 0.6213942307692307 0.8798076923076923 0.09615384615384616 0.0673076923076923
1 0.5865384615384616 0.9927884615384616 0.07692307692307693 0.009615384615384616
1 0.5973557692307693 0.9350961538461539 0.07932692307692307 0.052884615384615384
0 0.546875 0.640625 0.07451923076923077 0.038461538461538464
0 0.5168269230769231 0.4050480769230769 0.07692307692307693 0.04807692307692308
0 0.5480769230769231 0.2608173076923077 0.08413461538461539 0.052884615384615384