1 0.9543269230769231 0.41947115384615385 0.08653846153846154 0.12740384615384615
1 0.9134615384615384 0.5817307692307693 0.038461538461538464 0.06009615384615385
1 0.8762019230769231 0.6153846153846154 0.028846153846153848 0.04326923076923077
1 0.828125 0.6586538461538461 0.02403846153846154 0.028846153846153848
1 0.9759615384615384 0.6490384615384616 0.02403846153846154 0.026442307692307692
1 0.8028846153846154 0.578125 0.038461538461538464 0.04326923076923077
1 0.7644230769230769 0.6454326923076923 0.028846153846153848 0.038461538461538464
1 0.7151442307692307 0.47716346153846156 0.11778846153846154 0.1658653846153846
1 0.7079326923076923 0.6514423076923077 0.02403846153846154 0.026442307692307692
1 0.6213942307692307 0.6370192307692307 0.019230769230769230 0.019230769230769232
1 0.5985576923076923 0.6129807692307693 0.028846153846153848 0.03365384615384615
1 0.5576923076923077 0.5492788461538461 0.04326923076923077 0.06009615384615385
1 0.4579326923076923 0.5564903846153846 0.06490384615384616 0.08653846153846154
1 0.49278846153846156 0.6009615384615384 0.02403846153846154 0.04807692307692308
1 0.5540865384615384 0.6213942307692307 0.019230769230769230 0.02403846153846154
1 0.41346153846153844 0.6478365384615384 0.028846153846153848 0.028846153846153848
1 0.2980769230769231 0.6045673076923077 0.02403846153846154 0.026442307692307692
1 0.29927884615384615 0.6526442307692307 0.016826923076923076 0.02403846153846154
1 0.2536057692307690 0.5564903846153846 0.02403846153846154 0.03365384615384615
1 0.27163461538461536 0.6358173076923077 0.019230769230769230 0.016826923076923076
1 0.22355769230769230 0.5985576923076923 0.019230769230769230 0.028846153846153848
1 0.17548076923076920 0.5504807692307693 0.04807692307692308 0.0625
1 0.109375 0.59375 0.02403846153846154 0.03365384615384615
1 0.01201923076923077 0.5336538461538461 0.02403846153846154 0.0673076923076923
1 0.037259615384615384 0.6057692307692307 0.03125 0.03365384615384615
0 0.45552884615384615 0.6502403846153846 0.014423076923076924 0.019230769230769232