1 0.24519230769230768 0.9026442307692307 0.0889423076923077 0.04807692307692308
1 0.296875 0.8257211538461539 0.07451923076923077 0.055288461538461536
1 0.22355769230769230 0.6862980769230769 0.06009615384615385 0.03125
1 0.28725961538461536 0.6358173076923077 0.10096153846153846 0.052884615384615384
1 0.2283653846153846 0.6153846153846154 0.06490384615384616 0.03125
1 0.2704326923076923 0.5829326923076923 0.07932692307692307 0.04326923076923077
1 0.47115384615384615 0.546875 0.08413461538461539 0.055288461538461536
1 0.25 0.5540865384615384 0.057692307692307696 0.016826923076923076
1 0.2704326923076923 0.5120192307692307 0.06490384615384616 0.03125
1 0.26802884615384615 0.46274038461538464 0.07211538461538461 0.03365384615384615
1 0.2776442307692308 0.42908653846153844 0.08413461538461539 0.04807692307692308
1 0.3076923076923077 0.37740384615384615 0.0673076923076923 0.040865384615384616
1 0.33653846153846156 0.3425480769230769 0.07932692307692307 0.04326923076923077
1 0.36177884615384615 0.28125 0.08413461538461539 0.057692307692307696
1 0.22596153846153846 0.2668269230769231 0.052884615384615384 0.026442307692307692
1 0.2692307692307690 0.21995192307692307 0.07211538461538461 0.036057692307692304
0 0.27163461538461536 0.18269230769230768 0.06490384615384616 0.036057692307692304
1 0.2644230769230769 0.14903846153846154 0.04326923076923077 0.021634615384615384
1 0.25721153846153844 0.10697115384615384 0.0673076923076923 0.040865384615384616
1 0.2776442307692308 0.051682692307692304 0.07932692307692307 0.052884615384615384