1 0.953125 0.2800480769230769 0.06490384615384616 0.0985576923076923
1 0.8617788461538461 0.32572115384615385 0.055288461538461536 0.0889423076923077
1 0.7439903846153846 0.2127403846153846 0.038461538461538464 0.06490384615384616
1 0.6826923076923077 0.2800480769230769 0.06971153846153846 0.11298076923076923
1 0.6778846153846154 0.203125 0.040865384615384616 0.0673076923076923
1 0.6310096153846154 0.24759615384615385 0.05048076923076923 0.0889423076923077
1 0.5564903846153846 0.4735576923076923 0.0673076923076923 0.0985576923076923
1 0.5637019230769231 0.23197115384615385 0.038461538461538464 0.06490384615384616
1 0.5120192307692307 0.21754807692307693 0.038461538461538464 0.07932692307692307
1 0.47716346153846156 0.22355769230769230 0.055288461538461536 0.09375
1 0.4230769230769231 0.24759615384615385 0.04807692307692308 0.07692307692307693
1 0.37740384615384615 0.28125 0.06009615384615385 0.09375
1 0.3173076923076923 0.29086538461538464 0.0673076923076923 0.10336538461538461
1 0.28125 0.17427884615384615 0.04807692307692308 0.08413461538461539
0 0.23677884615384615 0.17067307692307693 0.04567307692307690 0.0625
1 0.1658653846153846 0.13581730769230768 0.055288461538461536 0.09375
1 0.10576923076923077 0.15264423076923078 0.055288461538461536 0.09615384615384616
1 0.20552884615384615 0.16346153846153846 0.03125 0.055288461538461536