1 0.15144230769230768 0.9723557692307693 0.014423076923076924 0.021634615384615384
1 0.1045673076923077 0.8233173076923077 0.021634615384615384 0.028846153846153848
0 0.1502403846153846 0.7319711538461539 0.026442307692307690 0.038461538461538464
1 0.13581730769230768 0.6502403846153846 0.03125 0.040865384615384616
1 0.18389423076923078 0.640625 0.021634615384615384 0.038461538461538464
1 0.015625 0.5444711538461539 0.026442307692307690 0.040865384615384616
1 0.07211538461538461 0.5600961538461539 0.026442307692307690 0.036057692307692304
1 0.13221153846153846 0.5456730769230769 0.03125 0.040865384615384616
0 0.10817307692307693 0.45072115384615385 0.03125 0.040865384615384616
1 0.06370192307692307 0.31971153846153844 0.03125 0.036057692307692304
0 0.15264423076923078 0.3870192307692308 0.026442307692307690 0.040865384615384616
1 0.3870192307692308 0.9879807692307693 0.02403846153846154 0.019230769230769232
1 0.375 0.9519230769230769 0.026442307692307690 0.036057692307692304
1 0.33653846153846156 0.9182692307692307 0.016826923076923076 0.02403846153846154
1 0.32091346153846156 0.890625 0.016826923076923076 0.028846153846153848
1 0.28365384615384615 0.8641826923076923 0.021634615384615384 0.028846153846153848
1 0.25841346153846156 0.7752403846153846 0.019230769230769230 0.021634615384615384
0 0.2247596153846154 0.765625 0.019230769230769230 0.021634615384615384
1 0.23317307692307693 0.7319711538461539 0.021634615384615384 0.02403846153846154
0 0.2764423076923077 0.7247596153846154 0.021634615384615384 0.028846153846153848
1 0.26802884615384615 0.6105769230769231 0.021634615384615384 0.03365384615384615
0 0.2860576923076923 0.5612980769230769 0.021634615384615384 0.028846153846153848
0 0.2860576923076923 0.4495192307692308 0.03125 0.04567307692307692
1 0.2536057692307690 0.4014423076923077 0.03125 0.04567307692307692
1 0.3088942307692308 0.23317307692307693 0.036057692307692304 0.052884615384615384
1 0.22115384615384615 0.06610576923076923 0.040865384615384616 0.055288461538461536
1 0.47716346153846156 0.9867788461538461 0.009615384615384616 0.019230769230769232
1 0.43990384615384615 0.9483173076923077 0.016826923076923076 0.02403846153846154
1 0.41466346153846156 0.9362980769230769 0.019230769230769230 0.021634615384615384
0 0.421875 0.8882211538461539 0.014423076923076924 0.02403846153846154
1 0.45072115384615385 0.8978365384615384 0.021634615384615384 0.03365384615384615
1 0.3389423076923077 0.8016826923076923 0.021634615384615384 0.02403846153846154
1 0.41225961538461536 0.7992788461538461 0.021634615384615384 0.028846153846153848
0 0.359375 0.7680288461538461 0.021634615384615384 0.03365384615384615
0 0.3112980769230769 0.7403846153846154 0.021634615384615384 0.028846153846153848
1 0.37740384615384615 0.7139423076923077 0.026442307692307690 0.036057692307692304
1 0.3485576923076923 0.6394230769230769 0.026442307692307690 0.026442307692307692
1 0.46153846153846156 0.6766826923076923 0.021634615384615384 0.03365384615384615
1 0.4266826923076923 0.6334134615384616 0.026442307692307690 0.03125
1 0.35697115384615385 0.546875 0.021634615384615384 0.036057692307692304
1 0.43509615384615385 0.5721153846153846 0.026442307692307690 0.038461538461538464
1 0.36899038461538464 0.38461538461538464 0.026442307692307690 0.04326923076923077
1 0.3701923076923077 0.3076923076923077 0.026442307692307690 0.04326923076923077
1 0.39783653846153844 0.29447115384615385 0.03125 0.05048076923076923
1 0.38822115384615385 0.0673076923076923 0.040865384615384616 0.055288461538461536
1 0.44591346153846156 0.21153846153846154 0.021634615384615384 0.036057692307692304
1 0.4639423076923077 0.41346153846153844 0.03125 0.040865384615384616
1 0.4519230769230769 0.45552884615384615 0.03125 0.03125
1 0.4987980769230769 0.9326923076923077 0.01201923076923077 0.021634615384615384
1 0.5673076923076923 0.9651442307692307 0.01201923076923077 0.021634615384615384
1 0.5300480769230769 0.921875 0.01201923076923077 0.009615384615384616
1 0.5588942307692307 0.8918269230769231 0.021634615384615384 0.02403846153846154
1 0.5949519230769231 0.9326923076923077 0.016826923076923076 0.02403846153846154
1 0.515625 0.859375 0.021634615384615384 0.028846153846153848
1 0.5480769230769231 0.7980769230769231 0.009615384615384616 0.019230769230769232
1 0.5192307692307693 0.7596153846153846 0.026442307692307690 0.026442307692307692
1 0.5709134615384616 0.6983173076923077 0.021634615384615384 0.028846153846153848
1 0.49278846153846156 0.6370192307692307 0.021634615384615384 0.036057692307692304
1 0.5637019230769231 0.6478365384615384 0.021634615384615384 0.028846153846153848
1 0.5420673076923077 0.6213942307692307 0.026442307692307690 0.040865384615384616
1 0.49759615384615385 0.5444711538461539 0.021634615384615384 0.03365384615384615
1 0.6550480769230769 0.9819711538461539 0.019230769230769230 0.016826923076923076
1 0.6610576923076923 0.9038461538461539 0.016826923076923076 0.02403846153846154
1 0.6887019230769231 0.921875 0.01201923076923077 0.021634615384615384
1 0.7139423076923077 0.9026442307692307 0.009615384615384616 0.021634615384615384
1 0.7235576923076923 0.8978365384615384 0.016826923076923076 0.02403846153846154
0 0.6959134615384616 0.8533653846153846 0.01201923076923077 0.021634615384615384
1 0.7560096153846154 0.8786057692307693 0.016826923076923076 0.028846153846153848
0 0.7560096153846154 0.8449519230769231 0.016826923076923076 0.02403846153846154
1 0.7247596153846154 0.7860576923076923 0.021634615384615384 0.02403846153846154
0 0.6610576923076923 0.8221153846153846 0.019230769230769230 0.021634615384615384
0 0.6382211538461539 0.8052884615384616 0.021634615384615384 0.028846153846153848
1 0.6454326923076923 0.6959134615384616 0.021634615384615384 0.02403846153846154
1 0.6081730769230769 0.5997596153846154 0.026442307692307690 0.036057692307692304
1 0.6754807692307693 0.6057692307692307 0.021634615384615384 0.028846153846153848
1 0.5949519230769231 0.4723557692307690 0.03125 0.036057692307692304
1 0.5901442307692307 0.234375 0.036057692307692304 0.05048076923076923
1 0.5288461538461539 0.12740384615384615 0.036057692307692304 0.052884615384615384
1 0.6286057692307693 0.16346153846153846 0.036057692307692304 0.05048076923076923
1 0.7920673076923077 0.9735576923076923 0.019230769230769230 0.019230769230769232
1 0.8413461538461539 0.9074519230769231 0.016826923076923076 0.028846153846153848
0 0.859375 0.8918269230769231 0.01201923076923077 0.021634615384615384
1 0.8389423076923077 0.8413461538461539 0.014423076923076924 0.02403846153846154
1 0.8425480769230769 0.8112980769230769 0.021634615384615384 0.02403846153846154
1 0.7884615384615384 0.7463942307692307 0.021634615384615384 0.03365384615384615
1 0.828125 0.6778846153846154 0.021634615384615384 0.028846153846153848
1 0.6995192307692307 0.5649038461538461 0.026442307692307690 0.038461538461538464
1 0.7355769230769231 0.5865384615384616 0.026442307692307690 0.036057692307692304
1 0.71875 0.5252403846153846 0.026442307692307690 0.036057692307692304
1 0.7235576923076923 0.45072115384615385 0.026442307692307690 0.040865384615384616
1 0.6947115384615384 0.43509615384615385 0.03125 0.04567307692307692
1 0.7355769230769231 0.07091346153846154 0.036057692307692304 0.055288461538461536
1 0.8774038461538461 0.01201923076923077 0.04326923076923077 0.02403846153846154
1 0.9399038461538461 0.006009615384615385 0.04326923076923077 0.01201923076923077
1 0.8918269230769231 0.17427884615384615 0.036057692307692304 0.04567307692307692
1 0.9254807692307693 0.1935096153846154 0.03125 0.052884615384615384
1 0.9375 0.37259615384615385 0.03125 0.04567307692307692
1 0.9411057692307693 0.44350961538461536 0.03125 0.040865384615384616
1 0.9939903846153846 0.48197115384615385 0.009615384615384616 0.038461538461538464
1 0.8990384615384616 0.5024038461538461 0.019230769230769230 0.019230769230769232
1 0.9158653846153846 0.5432692307692307 0.026442307692307690 0.038461538461538464
1 0.8870192307692307 0.6057692307692307 0.026442307692307690 0.038461538461538464
1 0.9338942307692307 0.6574519230769231 0.021634615384615384 0.036057692307692304
1 0.8798076923076923 0.6586538461538461 0.026442307692307690 0.036057692307692304
1 0.8617788461538461 0.6983173076923077 0.021634615384615384 0.03365384615384615
1 0.9194711538461539 0.7055288461538461 0.01201923076923077 0.021634615384615384
1 0.8689903846153846 0.7572115384615384 0.021634615384615384 0.028846153846153848
1 0.8870192307692307 0.8137019230769231 0.016826923076923076 0.02403846153846154
1 0.9771634615384616 0.7944711538461539 0.014423076923076924 0.02403846153846154
1 0.9951923076923077 0.8689903846153846 0.004807692307692308 0.026442307692307692
1 0.9170673076923077 0.90625 0.014423076923076924 0.021634615384615384
1 0.8930288461538461 0.9387019230769231 0.014423076923076924 0.02403846153846154
1 0.953125 0.9254807692307693 0.014423076923076924 0.019230769230769232
0 0.9819711538461539 0.9471153846153846 0.009615384615384616 0.021634615384615384