1 0.4651442307692308 0.421875 0.038461538461538464 0.05048076923076923
1 0.21875 0.48197115384615385 0.038461538461538464 0.04326923076923077
0 0.125 0.49038461538461536 0.038461538461538464 0.04807692307692308
0 0.28365384615384615 0.44471153846153844 0.038461538461538464 0.04326923076923077
0 0.3449519230769231 0.4098557692307690 0.03365384615384615 0.038461538461538464
0 0.53125 0.41466346153846156 0.03365384615384615 0.05048076923076923
0 0.6346153846153846 0.40625 0.038461538461538464 0.04807692307692308
0 0.5588942307692307 0.39302884615384615 0.03365384615384615 0.038461538461538464
0 0.8016826923076923 0.4014423076923077 0.04326923076923077 0.05048076923076923
0 0.71875 0.4014423076923077 0.03365384615384615 0.05048076923076923
0 0.7512019230769231 0.5564903846153846 0.03365384615384615 0.04807692307692308
0 0.38461538461538464 0.42788461538461536 0.038461538461538464 0.05048076923076923
1 0.9302884615384616 0.4387019230769231 0.019230769230769230 0.028846153846153848
0 0.15865384615384615 0.4567307692307690 0.02403846153846154 0.026442307692307692