1 0.7860576923076923 0.6814903846153846 0.04567307692307690 0.036057692307692304
0 0.7475961538461539 0.6045673076923077 0.052884615384615384 0.04567307692307692
1 0.7644230769230769 0.47115384615384615 0.0673076923076923 0.04807692307692308
1 0.6875 0.3545673076923077 0.07451923076923077 0.057692307692307696
1 0.6382211538461539 0.25841346153846156 0.07211538461538461 0.052884615384615384
1 0.6466346153846154 0.13581730769230768 0.09615384615384616 0.07451923076923077
1 0.6382211538461539 0.01201923076923077 0.11778846153846154 0.02403846153846154
1 0.7596153846153846 0.7415865384615384 0.040865384615384616 0.028846153846153848
1 0.7884615384615384 0.7644230769230769 0.04326923076923077 0.03125
1 0.7920673076923077 0.8028846153846154 0.040865384615384616 0.026442307692307692
1 0.8016826923076923 0.8365384615384616 0.03125 0.028846153846153848