1 0.734375 0.7632211538461539 0.09375 0.052884615384615384
1 0.7632211538461539 0.6334134615384616 0.09375 0.06009615384615385
1 0.8966346153846154 0.25961538461538464 0.0985576923076923 0.0625
1 0.8930288461538461 0.15985576923076920 0.026442307692307690 0.009615384615384616
0 0.8762019230769231 0.35697115384615385 0.014423076923076924 0.007211538461538462
1 0.8569711538461539 0.43509615384615385 0.014423076923076924 0.009615384615384616
1 0.8305288461538461 0.5240384615384616 0.009615384615384616 0.002403846153846154
1 0.8377403846153846 0.5012019230769231 0.009615384615384616 0.004807692307692308
1 0.8401442307692307 0.5 0.014423076923076924 0.007211538461538462
1 0.8497596153846154 0.47836538461538464 0.009615384615384616 0.002403846153846154
1 0.8461538461538461 0.46875 0.009615384615384616 0.002403846153846154