1 0.9783653846153846 0.17307692307692307 0.038461538461538464 0.125
1 0.9026442307692307 0.25961538461538464 0.07692307692307693 0.11778846153846154
0 0.8545673076923077 0.3233173076923077 0.0625 0.0985576923076923
0 0.9014423076923077 0.5661057692307693 0.05048076923076923 0.07451923076923077
1 0.8990384615384616 0.6923076923076923 0.04807692307692308 0.09375
1 0.953125 0.7295673076923077 0.040865384615384616 0.07451923076923077
0 0.8689903846153846 0.9747596153846154 0.06009615384615385 0.04567307692307692
1 0.6586538461538461 0.9459134615384616 0.06009615384615385 0.08653846153846154
1 0.7175480769230769 0.7572115384615384 0.0625 0.07451923076923077
1 0.7355769230769231 0.53125 0.052884615384615384 0.09615384615384616
1 0.6706730769230769 0.09375 0.07932692307692307 0.11298076923076923
1 0.5084134615384616 0.25721153846153844 0.06971153846153846 0.0889423076923077
1 0.4699519230769231 0.17307692307692307 0.08173076923076923 0.10817307692307693
1 0.4963942307692308 0.5733173076923077 0.0673076923076923 0.0985576923076923
1 0.4951923076923077 0.7259615384615384 0.07211538461538461 0.09375
1 0.4735576923076923 0.8521634615384616 0.06490384615384616 0.07692307692307693
1 0.36177884615384615 0.4951923076923077 0.055288461538461536 0.08653846153846154
1 0.31850961538461536 0.7127403846153846 0.0625 0.09615384615384616
1 0.23317307692307693 0.7067307692307693 0.0673076923076923 0.0985576923076923
1 0.08653846153846154 0.31490384615384615 0.07692307692307693 0.07932692307692307
1 0.09615384615384616 0.6153846153846154 0.0673076923076923 0.08653846153846154
1 0.1502403846153846 0.765625 0.05048076923076923 0.07692307692307693
1 0.14182692307692307 0.8774038461538461 0.052884615384615384 0.0673076923076923