1 0.0625 0.7644230769230769 0.11538461538461539 0.22115384615384615
1 0.3389423076923077 0.625 0.07692307692307693 0.15384615384615385
1 0.4254807692307690 0.7824519230769231 0.036057692307692304 0.0889423076923077
1 0.5192307692307693 0.7620192307692307 0.0673076923076923 0.13942307692307693
1 0.8966346153846154 0.7379807692307693 0.038461538461538464 0.07211538461538461
0 0.9615384615384616 0.7271634615384616 0.03365384615384615 0.07692307692307693
0 0.78125 0.7572115384615384 0.04326923076923077 0.08413461538461539
0 0.71875 0.7668269230769231 0.038461538461538464 0.08413461538461539
0 0.6418269230769231 0.7620192307692307 0.04326923076923077 0.11057692307692307
0 0.2127403846153846 0.7463942307692307 0.055288461538461536 0.09615384615384616
0 0.15504807692307693 0.7536057692307693 0.02403846153846154 0.04807692307692308