0 0.9591346153846154 0.16105769230769230 0.05048076923076923 0.07211538461538461
0 0.8677884615384616 0.27403846153846156 0.06009615384615385 0.07451923076923077
0 0.8509615384615384 0.4326923076923077 0.06490384615384616 0.08413461538461539
1 0.8509615384615384 0.6117788461538461 0.0625 0.07932692307692307
0 0.5889423076923077 0.16105769230769230 0.055288461538461536 0.07451923076923077
1 0.6057692307692307 0.31850961538461536 0.0625 0.07451923076923077
1 0.5480769230769231 0.4074519230769231 0.06009615384615385 0.07451923076923077
1 0.5432692307692307 0.5829326923076923 0.06490384615384616 0.08413461538461539
1 0.3401442307692308 0.03125 0.055288461538461536 0.0625
1 0.2439903846153846 0.11298076923076923 0.06009615384615385 0.06971153846153846
0 0.234375 0.23798076923076920 0.052884615384615384 0.06009615384615385
0 0.3137019230769231 0.3918269230769231 0.055288461538461536 0.07932692307692307
1 0.19110576923076920 0.5709134615384616 0.057692307692307696 0.04807692307692308