1 0.9038461538461539 0.2848557692307690 0.06009615384615385 0.09375
0 0.7536057692307693 0.34975961538461536 0.05048076923076923 0.07451923076923077
1 0.6478365384615384 0.26322115384615385 0.055288461538461536 0.0889423076923077
1 0.6394230769230769 0.6766826923076923 0.10817307692307693 0.1971153846153846
1 0.5913461538461539 0.4699519230769231 0.09134615384615384 0.13221153846153846
1 0.45913461538461536 0.25600961538461536 0.03125 0.06009615384615385
1 0.38221153846153844 0.4362980769230769 0.09615384615384616 0.15625
0 0.3173076923076923 0.21033653846153846 0.038461538461538464 0.07451923076923077
1 0.2980769230769231 0.31009615384615385 0.04807692307692308 0.07692307692307693
1 0.22716346153846154 0.4567307692307690 0.06009615384615385 0.09615384615384616
1 0.20072115384615385 0.28966346153846156 0.052884615384615384 0.08173076923076923
1 0.109375 0.5372596153846154 0.12259615384615384 0.16826923076923078
1 0.06129807692307690 0.22596153846153846 0.040865384615384616 0.0625
1 0.11778846153846154 0.22716346153846154 0.040865384615384616 0.06971153846153846
1 0.9711538461538461 0.5913461538461539 0.052884615384615384 0.125