1 0.2668269230769231 0.41947115384615385 0.08653846153846154 0.1201923076923077
1 0.07932692307692307 0.35096153846153844 0.07451923076923077 0.11538461538461539
1 0.31009615384615385 0.2764423076923077 0.08413461538461539 0.12980769230769232
1 0.5925480769230769 0.4074519230769231 0.07211538461538461 0.09134615384615384
1 0.5360576923076923 0.3293269230769231 0.0673076923076923 0.09615384615384616
1 0.9254807692307693 0.2860576923076923 0.12259615384615384 0.24519230769230768
1 0.6382211538461539 0.32211538461538464 0.055288461538461536 0.07451923076923077
1 0.6923076923076923 0.28125 0.06490384615384616 0.07692307692307693
1 0.8641826923076923 0.24158653846153846 0.04807692307692308 0.06490384615384616
1 0.7620192307692307 0.25841346153846156 0.04807692307692308 0.055288461538461536
1 0.8004807692307693 0.22235576923076920 0.026442307692307690 0.040865384615384616
1 0.44711538461538464 0.28725961538461536 0.036057692307692304 0.04807692307692308