1 0.25841346153846156 0.11298076923076923 0.07932692307692307 0.052884615384615384
1 0.234375 0.18028846153846154 0.06490384615384616 0.04567307692307692
1 0.2091346153846154 0.23557692307692307 0.05048076923076923 0.036057692307692304
1 0.2932692307692308 0.2932692307692308 0.07692307692307693 0.057692307692307696
1 0.30288461538461536 0.44471153846153844 0.07692307692307693 0.057692307692307696
1 0.24879807692307693 0.5408653846153846 0.13942307692307693 0.0985576923076923
1 0.2548076923076923 0.6394230769230769 0.09134615384615384 0.055288461538461536
1 0.35096153846153844 0.7175480769230769 0.04567307692307690 0.03365384615384615
1 0.3161057692307690 0.7896634615384616 0.07932692307692307 0.052884615384615384
1 0.3798076923076923 0.8725961538461539 0.06490384615384616 0.04326923076923077
1 0.3641826923076923 0.9603365384615384 0.0673076923076923 0.040865384615384616
1 0.3581730769230769 0.9891826923076923 0.052884615384615384 0.016826923076923076
1 0.20793269230769230 0.3173076923076923 0.04326923076923077 0.03365384615384615