1 0.8882211538461539 0.3942307692307690 0.09134615384615384 0.18269230769230768
1 0.9447115384615384 0.7103365384615384 0.07211538461538461 0.1466346153846154
1 0.8834134615384616 0.8617788461538461 0.06490384615384616 0.15144230769230768
1 0.7740384615384616 0.4735576923076923 0.07451923076923077 0.17067307692307693
1 0.8401442307692307 0.5745192307692307 0.0625 0.13701923076923078
1 0.6622596153846154 0.39663461538461536 0.06971153846153846 0.20192307692307693
1 0.7043269230769231 0.06009615384615385 0.10576923076923077 0.1201923076923077
1 0.5516826923076923 0.09975961538461539 0.12259615384615384 0.19951923076923078
1 0.5877403846153846 0.6358173076923077 0.07932692307692307 0.17548076923076922
1 0.671875 0.7487980769230769 0.06971153846153846 0.1466346153846154
1 0.46153846153846156 0.6237980769230769 0.0673076923076923 0.1466346153846154
1 0.40625 0.22115384615384615 0.0889423076923077 0.16346153846153846
1 0.36658653846153844 0.421875 0.07211538461538461 0.18028846153846154
1 0.4050480769230769 0.6790865384615384 0.07451923076923077 0.1658653846153846
1 0.35697115384615385 0.8822115384615384 0.0625 0.13701923076923078
0 0.4855769230769231 0.9086538461538461 0.052884615384615384 0.0985576923076923
1 0.23798076923076920 0.5973557692307693 0.06490384615384616 0.1466346153846154
1 0.18389423076923078 0.33774038461538464 0.10096153846153846 0.2091346153846154
1 0.1346153846153846 0.36899038461538464 0.06490384615384616 0.15625
1 0.038461538461538464 0.5649038461538461 0.07692307692307693 0.19230769230769232
1 0.0889423076923077 0.8197115384615384 0.06971153846153846 0.15144230769230768
1 0.08052884615384616 0.9591346153846154 0.06009615384615385 0.07692307692307693
1 0.15865384615384615 0.65625 0.07451923076923077 0.14182692307692307
1 0.019230769230769230 0.13822115384615385 0.038461538461538464 0.21875