1 0.30649038461538464 0.15384615384615385 0.09615384615384616 0.0889423076923077
1 0.38461538461538464 0.265625 0.0889423076923077 0.07692307692307693
1 0.4266826923076923 0.3233173076923077 0.08413461538461539 0.0625
1 0.15865384615384615 0.45552884615384615 0.11538461538461539 0.09615384615384616
1 0.5228365384615384 0.46634615384615385 0.0985576923076923 0.08173076923076923
1 0.5985576923076923 0.7524038461538461 0.12259615384615384 0.10336538461538461
1 0.5673076923076923 0.9290865384615384 0.08173076923076923 0.055288461538461536
1 0.6141826923076923 0.5036057692307693 0.08173076923076923 0.055288461538461536
1 0.6706730769230769 0.5865384615384616 0.0673076923076923 0.038461538461538464
1 0.7463942307692307 0.5048076923076923 0.06490384615384616 0.04567307692307692
1 0.7560096153846154 0.4014423076923077 0.04807692307692308 0.038461538461538464
1 0.4795673076923077 0.15504807692307693 0.07211538461538461 0.04807692307692308
0 0.578125 0.24519230769230768 0.05048076923076923 0.04807692307692308
1 0.5552884615384616 0.12620192307692307 0.04567307692307690 0.03365384615384615
1 0.5480769230769231 0.3389423076923077 0.06490384615384616 0.055288461538461536
1 0.6935096153846154 0.2620192307692308 0.04807692307692308 0.03365384615384615
1 0.6634615384615384 0.10336538461538461 0.04807692307692308 0.03365384615384615
1 0.6105769230769231 0.17427884615384615 0.04326923076923077 0.03125
1 0.5637019230769231 0.06850961538461539 0.04326923076923077 0.03125
1 0.6177884615384616 0.036057692307692304 0.03125 0.02403846153846154
1 0.7163461538461539 0.16466346153846154 0.03125 0.02403846153846154