0 0.0733173076923077 0.7067307692307693 0.13701923076923078 0.19230769230769232
0 0.18509615384615385 0.8425480769230769 0.07451923076923077 0.0889423076923077
1 0.31490384615384615 0.7716346153846154 0.055288461538461536 0.09134615384615384
1 0.3918269230769231 0.6430288461538461 0.0985576923076923 0.13942307692307693
1 0.2932692307692308 0.21995192307692307 0.24759615384615385 0.3317307692307692
1 0.5853365384615384 0.3245192307692308 0.23557692307692307 0.3293269230769231
1 0.6033653846153846 0.6177884615384616 0.11778846153846154 0.17548076923076922
1 0.46274038461538464 0.7487980769230769 0.08413461538461539 0.12259615384615384
0 0.7920673076923077 0.8052884615384616 0.0985576923076923 0.13942307692307693
1 0.890625 0.9194711538461539 0.10576923076923077 0.125
1 0.9242788461538461 0.7740384615384616 0.10096153846153846 0.15384615384615385
1 0.7932692307692307 0.4879807692307690 0.13701923076923078 0.19951923076923078