1 0.24759615384615385 0.09254807692307693 0.10817307692307693 0.08173076923076923
1 0.12620192307692307 0.8401442307692307 0.07692307692307693 0.0625
1 0.23076923076923078 0.2956730769230769 0.08173076923076923 0.0625
1 0.34375 0.25240384615384615 0.057692307692307696 0.04326923076923077
0 0.39302884615384615 0.03125 0.08413461538461539 0.0625
0 0.19951923076923078 0.45913461538461536 0.11057692307692307 0.07451923076923077
0 0.20432692307692307 0.8293269230769231 0.10336538461538461 0.07692307692307693
0 0.10817307692307693 0.9050480769230769 0.07932692307692307 0.057692307692307696
0 0.23557692307692307 0.7560096153846154 0.09615384615384616 0.07211538461538461
0 0.18269230769230768 0.7055288461538461 0.0673076923076923 0.05048076923076923
0 0.22115384615384615 0.5805288461538461 0.0673076923076923 0.055288461538461536
0 0.24278846153846154 0.3425480769230769 0.06971153846153846 0.055288461538461536
0 0.20793269230769230 0.2091346153846154 0.07692307692307693 0.06009615384615385