0 0.734375 0.9495192307692307 0.06009615384615385 0.02403846153846154
1 0.7427884615384616 0.8954326923076923 0.07451923076923077 0.04567307692307692
1 0.7079326923076923 0.8185096153846154 0.04326923076923077 0.021634615384615384
1 0.7608173076923077 0.7319711538461539 0.0625 0.04326923076923077
0 0.5721153846153846 0.6730769230769231 0.04326923076923077 0.026442307692307692
1 0.5877403846153846 0.6454326923076923 0.04807692307692308 0.036057692307692304
0 0.5985576923076923 0.6009615384615384 0.038461538461538464 0.03125
0 0.6682692307692307 0.625 0.052884615384615384 0.036057692307692304
1 0.7043269230769231 0.671875 0.05048076923076923 0.040865384615384616
1 0.6766826923076923 0.5805288461538461 0.0625 0.040865384615384616
1 0.625 0.5396634615384616 0.0625 0.036057692307692304
1 0.5901442307692307 0.4483173076923077 0.04326923076923077 0.03125
1 0.6983173076923077 0.49038461538461536 0.06490384615384616 0.040865384615384616
1 0.7704326923076923 0.4639423076923077 0.07692307692307693 0.04567307692307692
1 0.5769230769230769 0.39903846153846156 0.0625 0.040865384615384616
0 0.9579326923076923 0.4110576923076923 0.07451923076923077 0.05048076923076923
1 0.4807692307692308 0.43509615384615385 0.038461538461538464 0.03125
1 0.44711538461538464 0.49158653846153844 0.040865384615384616 0.026442307692307692
1 0.4855769230769231 0.38461538461538464 0.040865384615384616 0.026442307692307692
1 0.40384615384615385 0.2764423076923077 0.038461538461538464 0.026442307692307692
1 0.41346153846153844 0.21634615384615385 0.028846153846153848 0.019230769230769232
1 0.4855769230769231 0.09495192307692307 0.03365384615384615 0.02403846153846154