1 0.5649038461538461 0.9723557692307693 0.08653846153846154 0.05048076923076923
1 0.515625 0.9146634615384616 0.07932692307692307 0.055288461538461536
1 0.5 0.8125 0.07932692307692307 0.057692307692307696
1 0.46033653846153844 0.7235576923076923 0.0673076923076923 0.052884615384615384
1 0.4699519230769231 0.6586538461538461 0.08653846153846154 0.055288461538461536
1 0.4675480769230769 0.5240384615384616 0.07932692307692307 0.055288461538461536
1 0.4254807692307690 0.5084134615384616 0.0889423076923077 0.040865384615384616
1 0.41947115384615385 0.39783653846153844 0.05048076923076923 0.03125
1 0.3004807692307690 0.33774038461538464 0.10096153846153846 0.0673076923076923
1 0.2956730769230769 0.15745192307692307 0.0985576923076923 0.07451923076923077
1 0.30288461538461536 0.03485576923076923 0.07692307692307693 0.026442307692307692
1 0.3076923076923077 0.0985576923076923 0.08413461538461539 0.06009615384615385
0 0.4230769230769231 0.3737980769230769 0.07692307692307693 0.04567307692307692
0 0.5060096153846154 0.5961538461538461 0.07932692307692307 0.055288461538461536
0 0.5072115384615384 0.7439903846153846 0.0889423076923077 0.06009615384615385