1 0.38822115384615385 0.6069711538461539 0.16826923076923078 0.23317307692307693
1 0.07692307692307693 0.8810096153846154 0.14182692307692307 0.21634615384615385
1 0.09014423076923077 0.3088942307692308 0.1201923076923077 0.1658653846153846
1 0.33533653846153844 0.3161057692307690 0.11538461538461539 0.14182692307692307
1 0.65625 0.35216346153846156 0.1466346153846154 0.18509615384615385
1 0.5216346153846154 0.17668269230769230 0.10817307692307693 0.16105769230769232
1 0.7355769230769231 0.09615384615384616 0.0985576923076923 0.14182692307692307
1 0.025240384615384616 0.3389423076923077 0.05048076923076923 0.11538461538461539
1 0.8629807692307693 0.109375 0.0985576923076923 0.11778846153846154
1 0.6394230769230769 0.09375 0.06971153846153846 0.11298076923076923
0 0.43509615384615385 0.19591346153846154 0.07211538461538461 0.10336538461538461
0 0.9086538461538461 0.27283653846153844 0.13701923076923078 0.17548076923076922