1 0.5649038461538461 0.9615384615384616 0.07211538461538461 0.07211538461538461
1 0.6574519230769231 0.8786057692307693 0.07211538461538461 0.09375
0 0.46875 0.9423076923076923 0.057692307692307696 0.07692307692307693
1 0.5745192307692307 0.8413461538461539 0.0889423076923077 0.12259615384615384
1 0.9375 0.4170673076923077 0.1201923076923077 0.3293269230769231
0 0.34134615384615385 0.7632211538461539 0.052884615384615384 0.07692307692307693
0 0.3918269230769231 0.71875 0.07692307692307693 0.09615384615384616
1 0.4855769230769231 0.5817307692307693 0.0985576923076923 0.13221153846153846
1 0.23076923076923078 0.8064903846153846 0.07692307692307693 0.10817307692307693
1 0.109375 0.7163461538461539 0.0625 0.09134615384615384
1 0.22355769230769230 0.45552884615384615 0.09615384615384616 0.11778846153846154
1 0.04326923076923077 0.5384615384615384 0.07451923076923077 0.09134615384615384