1 0.5757211538461539 0.28725961538461536 0.10576923076923077 0.13942307692307693
1 0.9146634615384616 0.5528846153846154 0.057692307692307696 0.07211538461538461
1 0.8293269230769231 0.5901442307692307 0.04807692307692308 0.055288461538461536
1 0.6838942307692307 0.5673076923076923 0.040865384615384616 0.057692307692307696
1 0.7524038461538461 0.5997596153846154 0.03365384615384615 0.04807692307692308
1 0.7127403846153846 0.6225961538461539 0.03365384615384615 0.04567307692307692
1 0.359375 0.5024038461538461 0.038461538461538464 0.04807692307692308
0 0.3425480769230769 0.6237980769230769 0.028846153846153848 0.040865384615384616
1 0.25721153846153844 0.3485576923076923 0.055288461538461536 0.08173076923076923
1 0.1778846153846154 0.3545673076923077 0.05048076923076923 0.07692307692307693
1 0.1346153846153846 0.20793269230769230 0.0889423076923077 0.13701923076923078