1 0.1346153846153846 0.7752403846153846 0.07451923076923077 0.10096153846153846
0 0.27283653846153844 0.6887019230769231 0.06009615384615385 0.07932692307692307
1 0.390625 0.7572115384615384 0.0673076923076923 0.09615384615384616
1 0.33413461538461536 0.3473557692307690 0.13701923076923078 0.21153846153846154
1 0.41466346153846156 0.5432692307692307 0.11057692307692307 0.14423076923076922
1 0.578125 0.734375 0.040865384615384616 0.06490384615384616
1 0.6262019230769231 0.5444711538461539 0.1201923076923077 0.16826923076923078
0 0.7259615384615384 0.7572115384615384 0.04567307692307690 0.07692307692307693
1 0.7283653846153846 0.65625 0.057692307692307696 0.08173076923076923
1 0.7764423076923077 0.5 0.07451923076923077 0.10336538461538461
1 0.8293269230769231 0.6610576923076923 0.06490384615384616 0.08413461538461539
1 0.8798076923076923 0.4014423076923077 0.1466346153846154 0.18269230769230768
1 0.9747596153846154 0.703125 0.04567307692307690 0.06971153846153846
1 0.9206730769230769 0.7091346153846154 0.05048076923076923 0.07451923076923077
1 0.027644230769230768 0.4831730769230769 0.055288461538461536 0.12980769230769232