1 0.18870192307692307 0.9435096153846154 0.06971153846153846 0.040865384615384616
1 0.06850961538461539 0.8173076923076923 0.13701923076923078 0.07692307692307693
1 0.2956730769230769 0.71875 0.07451923076923077 0.03365384615384615
0 0.3112980769230769 0.6069711538461539 0.06009615384615385 0.036057692307692304
1 0.13942307692307693 0.5504807692307693 0.09375 0.04567307692307692
1 0.17067307692307693 0.44471153846153844 0.08653846153846154 0.03365384615384615
1 0.23076923076923078 0.46274038461538464 0.06971153846153846 0.036057692307692304
1 0.24639423076923078 0.3125 0.07451923076923077 0.04326923076923077
1 0.2608173076923077 0.2644230769230769 0.07451923076923077 0.04326923076923077
1 0.3317307692307690 0.20793269230769230 0.04567307692307690 0.02403846153846154
1 0.28365384615384615 0.15504807692307693 0.07692307692307693 0.04807692307692308
1 0.31971153846153844 0.08533653846153846 0.06490384615384616 0.036057692307692304
1 0.32572115384615385 0.04927884615384615 0.06971153846153846 0.03125