1 0.7584134615384616 0.42427884615384615 0.13701923076923078 0.08173076923076923
1 0.6021634615384616 0.5492788461538461 0.11538461538461539 0.06971153846153846
1 0.13701923076923078 0.24879807692307693 0.2283653846153846 0.15384615384615385
1 0.06971153846153846 0.49158653846153844 0.13942307692307693 0.13701923076923078
1 0.7632211538461539 0.8689903846153846 0.11057692307692307 0.0673076923076923
1 0.8293269230769231 0.6802884615384616 0.10817307692307693 0.07451923076923077
1 0.8173076923076923 0.7596153846153846 0.1346153846153846 0.07451923076923077
1 0.7463942307692307 0.5384615384615384 0.13701923076923078 0.07692307692307693
1 0.9483173076923077 0.5745192307692307 0.07932692307692307 0.03125
1 0.9206730769230769 0.45072115384615385 0.0889423076923077 0.052884615384615384
1 0.9771634615384616 0.32091346153846156 0.040865384615384616 0.040865384615384616
1 0.9471153846153846 0.203125 0.08173076923076923 0.05048076923076923
1 0.921875 0.09254807692307693 0.07211538461538461 0.057692307692307696
1 0.9699519230769231 0.2548076923076923 0.055288461538461536 0.038461538461538464
1 0.9254807692307693 0.8353365384615384 0.08413461538461539 0.05048076923076923
0 0.90625 0.2692307692307690 0.08413461538461539 0.04567307692307692