1 0.875 0.3545673076923077 0.10817307692307693 0.1875
1 0.9591346153846154 0.6634615384615384 0.07692307692307693 0.15384615384615385
1 0.9194711538461539 0.8197115384615384 0.07932692307692307 0.15625
1 0.7704326923076923 0.44471153846153844 0.09134615384615384 0.17548076923076922
1 0.8461538461538461 0.5384615384615384 0.07451923076923077 0.14182692307692307
1 0.6502403846153846 0.3798076923076923 0.09134615384615384 0.20673076923076922
1 0.65625 0.052884615384615384 0.11538461538461539 0.10576923076923077
1 0.5084134615384616 0.10096153846153846 0.14182692307692307 0.20192307692307693
1 0.6009615384615384 0.6262019230769231 0.09615384615384616 0.18269230769230768
1 0.6971153846153846 0.7295673076923077 0.08413461538461539 0.15144230769230768
1 0.47475961538461536 0.6274038461538461 0.08173076923076923 0.15144230769230768
1 0.37740384615384615 0.23197115384615385 0.10576923076923077 0.17067307692307693
1 0.359375 0.4362980769230769 0.0889423076923077 0.18509615384615385
1 0.42427884615384615 0.6887019230769231 0.0889423076923077 0.17067307692307693
1 0.39783653846153844 0.8942307692307693 0.07451923076923077 0.14182692307692307
0 0.5276442307692307 0.9086538461538461 0.0625 0.10336538461538461
1 0.25 0.6237980769230769 0.07932692307692307 0.15144230769230768
1 0.16826923076923078 0.3713942307692308 0.12259615384615384 0.21634615384615385
1 0.12259615384615384 0.4074519230769231 0.08173076923076923 0.16105769230769232
1 0.04807692307692308 0.6129807692307693 0.09615384615384616 0.1971153846153846
1 0.125 0.8605769230769231 0.08413461538461539 0.15625
1 0.1310096153846154 0.9783653846153846 0.06971153846153846 0.038461538461538464
1 0.1778846153846154 0.6911057692307693 0.0889423076923077 0.14903846153846154