0 0.21995192307692307 0.9230769230769231 0.0625 0.028846153846153848
1 0.21754807692307693 0.8677884615384616 0.07692307692307693 0.052884615384615384
1 0.25961538461538464 0.7956730769230769 0.04567307692307690 0.02403846153846154
1 0.21634615384615385 0.703125 0.06490384615384616 0.04807692307692308
0 0.4098557692307690 0.6646634615384616 0.04567307692307690 0.028846153846153848
1 0.39783653846153844 0.6346153846153846 0.052884615384615384 0.040865384615384616
0 0.3918269230769231 0.5901442307692307 0.04326923076923077 0.03365384615384615
0 0.31971153846153844 0.6069711538461539 0.057692307692307696 0.040865384615384616
1 0.27884615384615385 0.6502403846153846 0.052884615384615384 0.04567307692307692
1 0.31490384615384615 0.5612980769230769 0.06490384615384616 0.04567307692307692
1 0.3713942307692308 0.5264423076923077 0.0673076923076923 0.040865384615384616
1 0.41586538461538464 0.43990384615384615 0.04567307692307690 0.03365384615384615
1 0.30408653846153844 0.4699519230769231 0.0673076923076923 0.04567307692307692
1 0.234375 0.4362980769230769 0.07932692307692307 0.052884615384615384
1 0.4338942307692308 0.390625 0.06490384615384616 0.04567307692307692
0 0.054086538461538464 0.3629807692307690 0.07692307692307693 0.057692307692307696
1 0.5264423076923077 0.4362980769230769 0.04326923076923077 0.03365384615384615
1 0.5540865384615384 0.4963942307692308 0.04326923076923077 0.028846153846153848
1 0.5264423076923077 0.3870192307692308 0.04326923076923077 0.028846153846153848
1 0.6189903846153846 0.28725961538461536 0.040865384615384616 0.028846153846153848
1 0.6165865384615384 0.22716346153846154 0.03125 0.02403846153846154
1 0.5564903846153846 0.0985576923076923 0.036057692307692304 0.028846153846153848