0 0.9038461538461539 0.8725961538461539 0.04807692307692308 0.0673076923076923
0 0.9807692307692307 0.6310096153846154 0.03365384615384615 0.06971153846153846
0 0.8653846153846154 0.6502403846153846 0.04326923076923077 0.0673076923076923
0 0.9627403846153846 0.53125 0.038461538461538464 0.06009615384615385
0 0.8377403846153846 0.5012019230769231 0.04807692307692308 0.0673076923076923
0 0.9362980769230769 0.39663461538461536 0.04326923076923077 0.06490384615384616
0 0.8305288461538461 0.4074519230769231 0.036057692307692304 0.04326923076923077
0 0.7884615384615384 0.3581730769230769 0.038461538461538464 0.05048076923076923
0 0.9158653846153846 0.25 0.038461538461538464 0.055288461538461536
0 0.8798076923076923 0.20552884615384615 0.03125 0.040865384615384616
0 0.7668269230769231 0.23317307692307693 0.038461538461538464 0.06009615384615385
0 0.8473557692307693 0.0829326923076923 0.03365384615384615 0.05048076923076923
0 0.7584134615384616 0.10697115384615384 0.038461538461538464 0.06009615384615385
0 0.734375 0.042067307692307696 0.038461538461538464 0.04807692307692308
0 0.5721153846153846 0.11538461538461539 0.021634615384615384 0.04326923076923077
1 0.4951923076923077 0.10697115384615384 0.02403846153846154 0.04567307692307692
1 0.4483173076923077 0.09735576923076923 0.026442307692307690 0.04326923076923077
0 0.5168269230769231 0.13822115384615385 0.03365384615384615 0.04567307692307692
0 0.5168269230769231 0.19591346153846154 0.03365384615384615 0.04567307692307692
1 0.5456730769230769 0.2932692307692308 0.03125 0.04326923076923077
0 0.5144230769230769 0.34615384615384615 0.02403846153846154 0.04567307692307692
0 0.5408653846153846 0.39663461538461536 0.028846153846153848 0.05048076923076923
0 0.5432692307692307 0.484375 0.03365384615384615 0.055288461538461536
0 0.5757211538461539 0.5733173076923077 0.04326923076923077 0.06009615384615385
0 0.546875 0.6514423076923077 0.038461538461538464 0.04567307692307692
0 0.5540865384615384 0.8329326923076923 0.036057692307692304 0.04326923076923077
0 0.5456730769230769 0.9266826923076923 0.04807692307692308 0.07211538461538461
0 0.5757211538461539 0.9074519230769231 0.019230769230769230 0.04326923076923077
1 0.4735576923076923 0.44350961538461536 0.038461538461538464 0.05048076923076923
0 0.44591346153846156 0.4879807692307690 0.038461538461538464 0.06490384615384616
0 0.43028846153846156 0.3954326923076923 0.038461538461538464 0.055288461538461536
0 0.4579326923076923 0.3870192307692308 0.028846153846153848 0.05048076923076923
0 0.45072115384615385 0.2091346153846154 0.021634615384615384 0.040865384615384616
0 0.43149038461538464 0.23317307692307693 0.036057692307692304 0.05048076923076923
0 0.3858173076923077 0.11658653846153846 0.028846153846153848 0.04567307692307692
0 0.390625 0.25721153846153844 0.03365384615384615 0.05048076923076923
0 0.34375 0.25240384615384615 0.028846153846153848 0.040865384615384616
0 0.35096153846153844 0.359375 0.038461538461538464 0.05048076923076923
0 0.3870192307692308 0.5324519230769231 0.03125 0.04326923076923077
0 0.453125 0.6742788461538461 0.03365384615384615 0.06009615384615385
0 0.421875 0.7259615384615384 0.038461538461538464 0.06009615384615385
0 0.37740384615384615 0.7259615384615384 0.038461538461538464 0.06009615384615385
0 0.35697115384615385 0.5600961538461539 0.038461538461538464 0.06009615384615385
0 0.4014423076923077 0.9495192307692307 0.03365384615384615 0.06009615384615385
0 0.35336538461538464 0.16346153846153846 0.03125 0.04326923076923077
0 0.3112980769230769 0.13822115384615385 0.021634615384615384 0.04326923076923077
0 0.3161057692307690 0.08413461538461539 0.026442307692307690 0.036057692307692304
0 0.2512019230769231 0.11658653846153846 0.026442307692307690 0.040865384615384616
0 0.28125 0.1466346153846154 0.026442307692307690 0.03125
0 0.2548076923076923 0.1935096153846154 0.03125 0.040865384615384616
0 0.27524038461538464 0.2932692307692308 0.038461538461538464 0.04326923076923077
0 0.2512019230769231 0.27163461538461536 0.016826923076923076 0.04326923076923077
0 0.29086538461538464 0.3894230769230769 0.036057692307692304 0.04326923076923077
0 0.265625 0.4387019230769231 0.038461538461538464 0.055288461538461536
0 0.2403846153846154 0.4495192307692308 0.02403846153846154 0.04567307692307692
0 0.2620192307692308 0.5492788461538461 0.038461538461538464 0.055288461538461536
0 0.2824519230769231 0.6862980769230769 0.04326923076923077 0.04567307692307692
0 0.25961538461538464 0.8233173076923077 0.038461538461538464 0.055288461538461536
0 0.25 0.8966346153846154 0.026442307692307690 0.036057692307692304
0 0.24158653846153846 0.9795673076923077 0.040865384615384616 0.036057692307692304
0 0.20793269230769230 0.12379807692307693 0.021634615384615384 0.03125