0 0.5829326923076923 0.1310096153846154 0.23317307692307693 0.16346153846153846
1 0.6923076923076923 0.4579326923076923 0.21875 0.15865384615384615
1 0.7836538461538461 0.5769230769230769 0.17067307692307693 0.09375
1 0.7920673076923077 0.7103365384615384 0.22115384615384615 0.15144230769230768
1 0.7091346153846154 0.8485576923076923 0.17067307692307693 0.11538461538461539
1 0.43990384615384615 0.6466346153846154 0.12740384615384615 0.08413461538461539
1 0.3918269230769231 0.7067307692307693 0.11778846153846154 0.08413461538461539
1 0.3762019230769231 0.49158653846153844 0.09134615384615384 0.06009615384615385
1 0.3173076923076923 0.5360576923076923 0.09375 0.06971153846153846
1 0.20432692307692307 0.5552884615384616 0.0673076923076923 0.04567307692307692
1 0.171875 0.6370192307692307 0.06490384615384616 0.04567307692307692
1 0.20072115384615385 0.49158653846153844 0.06490384615384616 0.04567307692307692
1 0.14543269230769230 0.53125 0.04567307692307690 0.03365384615384615
1 0.125 0.5961538461538461 0.04807692307692308 0.038461538461538464
1 0.10096153846153846 0.6862980769230769 0.04326923076923077 0.038461538461538464
1 0.07692307692307693 0.859375 0.03125 0.03125