1 0.8485576923076923 0.05048076923076923 0.04326923076923077 0.03365384615384615
1 0.8569711538461539 0.21514423076923078 0.0625 0.038461538461538464
1 0.9387019230769231 0.3173076923076923 0.04807692307692308 0.038461538461538464
1 0.6850961538461539 0.015625 0.0625 0.03125
1 0.7367788461538461 0.07692307692307693 0.05048076923076923 0.04326923076923077
1 0.7752403846153846 0.20432692307692307 0.057692307692307696 0.040865384615384616
1 0.7163461538461539 0.24278846153846154 0.04807692307692308 0.038461538461538464
1 0.6237980769230769 0.203125 0.05048076923076923 0.04326923076923077
1 0.5997596153846154 0.042067307692307696 0.06009615384615385 0.05048076923076923
1 0.5216346153846154 0.020432692307692308 0.0673076923076923 0.040865384615384616
1 0.4891826923076923 0.09495192307692307 0.05048076923076923 0.04326923076923077
1 0.4206730769230769 0.109375 0.06490384615384616 0.04326923076923077
1 0.4050480769230769 0.17668269230769230 0.06490384615384616 0.04567307692307692
1 0.3269230769230769 0.20673076923076920 0.07211538461538461 0.057692307692307696
1 0.1201923076923077 0.20793269230769230 0.06971153846153846 0.057692307692307696
1 0.02283653846153846 0.2644230769230769 0.04567307692307690 0.0625
1 0.08052884615384616 0.34975961538461536 0.0673076923076923 0.055288461538461536
1 0.45552884615384615 0.3329326923076923 0.06009615384615385 0.05048076923076923
1 0.6009615384615384 0.3173076923076923 0.052884615384615384 0.038461538461538464
1 0.16105769230769230 0.4579326923076923 0.07932692307692307 0.06009615384615385
1 0.4266826923076923 0.4579326923076923 0.07451923076923077 0.052884615384615384
1 0.8882211538461539 0.40384615384615385 0.038461538461538464 0.036057692307692304
1 0.8389423076923077 0.4411057692307690 0.04807692307692308 0.038461538461538464
1 0.8978365384615384 0.49278846153846156 0.04807692307692308 0.038461538461538464
1 0.8040865384615384 0.4879807692307690 0.04807692307692308 0.038461538461538464
1 0.8377403846153846 0.5793269230769231 0.05048076923076923 0.04326923076923077
1 0.7728365384615384 0.5685096153846154 0.0673076923076923 0.04807692307692308
1 0.6177884615384616 0.5709134615384616 0.06490384615384616 0.04567307692307692
1 0.5192307692307693 0.546875 0.06971153846153846 0.04807692307692308
1 0.2692307692307690 0.7800480769230769 0.07932692307692307 0.06009615384615385
1 0.6850961538461539 0.7319711538461539 0.06971153846153846 0.04807692307692308
1 0.5264423076923077 0.8016826923076923 0.0673076923076923 0.052884615384615384
1 0.9543269230769231 0.7355769230769231 0.04567307692307690 0.040865384615384616
1 0.7560096153846154 0.90625 0.04807692307692308 0.04807692307692308
1 0.6033653846153846 0.8846153846153846 0.06490384615384616 0.04567307692307692
1 0.421875 0.953125 0.0673076923076923 0.04807692307692308
1 0.3786057692307690 0.9807692307692307 0.06490384615384616 0.03365384615384615