0 0.9783653846153846 0.33052884615384615 0.026442307692307690 0.0625
1 0.9254807692307693 0.31490384615384615 0.05048076923076923 0.07692307692307693
1 0.8449519230769231 0.33774038461538464 0.02403846153846154 0.04567307692307692
1 0.765625 0.27403846153846156 0.04567307692307690 0.06490384615384616
0 0.6814903846153846 0.453125 0.028846153846153848 0.04567307692307692
1 0.65625 0.4326923076923077 0.038461538461538464 0.05048076923076923
0 0.6141826923076923 0.4170673076923077 0.03365384615384615 0.040865384615384616
0 0.6478365384615384 0.35096153846153844 0.038461538461538464 0.055288461538461536
1 0.6983173076923077 0.32091346153846156 0.04326923076923077 0.052884615384615384
1 0.6045673076923077 0.33533653846153844 0.04567307692307690 0.06490384615384616
1 0.5576923076923077 0.38100961538461536 0.040865384615384616 0.06490384615384616
1 0.46153846153846156 0.40384615384615385 0.03365384615384615 0.04567307692307692
1 0.5180288461538461 0.30288461538461536 0.04567307692307690 0.0673076923076923
1 0.5024038461538461 0.22716346153846154 0.05048076923076923 0.07932692307692307
1 0.4098557692307690 0.4098557692307690 0.04567307692307690 0.06490384615384616
0 0.47596153846153844 0.037259615384615384 0.057692307692307696 0.07451923076923077
1 0.4326923076923077 0.5096153846153846 0.03365384615384615 0.040865384615384616
1 0.4831730769230769 0.5516826923076923 0.028846153846153848 0.04326923076923077
1 0.38461538461538464 0.4987980769230769 0.028846153846153848 0.04326923076923077
1 0.2644230769230769 0.5637019230769231 0.028846153846153848 0.040865384615384616
1 0.20793269230769230 0.546875 0.021634615384615384 0.03365384615384615
1 0.09735576923076923 0.4579326923076923 0.026442307692307690 0.036057692307692304