1 0.6069711538461539 0.5576923076923077 0.07932692307692307 0.12980769230769232
1 0.5709134615384616 0.7608173076923077 0.0889423076923077 0.08653846153846154
1 0.390625 0.30288461538461536 0.0889423076923077 0.16346153846153846
1 0.43028846153846156 0.4567307692307690 0.0625 0.13942307692307693
1 0.26322115384615385 0.6983173076923077 0.03365384615384615 0.052884615384615384
0 0.6826923076923077 0.8004807692307693 0.04326923076923077 0.057692307692307696
0 0.859375 0.8389423076923077 0.026442307692307690 0.038461538461538464
0 0.4387019230769231 0.7788461538461539 0.036057692307692304 0.0625
0 0.19471153846153846 0.7475961538461539 0.028846153846153848 0.06009615384615385
0 0.40625 0.5877403846153846 0.05048076923076923 0.06971153846153846
1 0.08533653846153846 0.5817307692307693 0.036057692307692304 0.04326923076923077
0 0.04927884615384615 0.5456730769230769 0.05048076923076923 0.07692307692307693
0 0.0673076923076923 0.42427884615384615 0.04807692307692308 0.10576923076923077
0 0.019230769230769230 0.5492788461538461 0.038461538461538464 0.06009615384615385