1 0.7800480769230769 0.8822115384615384 0.07451923076923077 0.040865384615384616
1 0.7704326923076923 0.7644230769230769 0.07692307692307693 0.052884615384615384
1 0.7536057692307693 0.6706730769230769 0.06009615384615385 0.040865384615384616
1 0.875 0.5817307692307693 0.0985576923076923 0.06009615384615385
1 0.8293269230769231 0.5252403846153846 0.04807692307692308 0.036057692307692304
1 0.8233173076923077 0.45072115384615385 0.07692307692307693 0.052884615384615384
1 0.6358173076923077 0.375 0.07692307692307693 0.04567307692307692
1 0.8533653846153846 0.3269230769230769 0.07692307692307693 0.052884615384615384
1 0.7992788461538461 0.24158653846153846 0.07932692307692307 0.05048076923076923
1 0.7824519230769231 0.17307692307692307 0.057692307692307696 0.036057692307692304
1 0.7824519230769231 0.1310096153846154 0.0625 0.04567307692307692
1 0.8329326923076923 0.10817307692307693 0.040865384615384616 0.026442307692307692
1 0.8605769230769231 0.039663461538461536 0.08413461538461539 0.052884615384615384