0 0.016826923076923076 0.7139423076923077 0.03365384615384615 0.08173076923076923
1 0.07211538461538461 0.6682692307692307 0.08413461538461539 0.14182692307692307
1 0.13221153846153846 0.6814903846153846 0.036057692307692304 0.04326923076923077
1 0.27163461538461536 0.7415865384615384 0.0673076923076923 0.10336538461538461
1 0.32211538461538464 0.7115384615384616 0.04326923076923077 0.07451923076923077
1 0.5048076923076923 0.7127403846153846 0.04807692307692308 0.07692307692307693
0 0.5504807692307693 0.7644230769230769 0.04807692307692308 0.07932692307692307
1 0.6021634615384616 0.6995192307692307 0.052884615384615384 0.07932692307692307
1 0.7692307692307693 0.6935096153846154 0.0625 0.09615384615384616
0 0.38221153846153844 0.6310096153846154 0.03365384615384615 0.040865384615384616
1 0.9086538461538461 0.8233173076923077 0.021634615384615384 0.03125
1 0.671875 0.7872596153846154 0.028846153846153848 0.04567307692307692