1 0.8966346153846154 0.7091346153846154 0.17548076923076920 0.3004807692307692
1 0.6923076923076923 0.4182692307692308 0.038461538461538464 0.0625
1 0.6081730769230769 0.41346153846153844 0.04567307692307690 0.08173076923076923
1 0.484375 0.3112980769230769 0.038461538461538464 0.0673076923076923
1 0.8774038461538461 0.4651442307692308 0.019230769230769230 0.03365384615384615
1 0.5793269230769231 0.375 0.016826923076923076 0.028846153846153848
1 0.5324519230769231 0.36778846153846156 0.02403846153846154 0.038461538461538464
1 0.3870192307692308 0.31971153846153844 0.021634615384615384 0.02403846153846154
1 0.3233173076923077 0.32572115384615385 0.036057692307692304 0.057692307692307696
1 0.13701923076923078 0.2403846153846154 0.22115384615384615 0.3485576923076923
0 0.30408653846153844 0.27283653846153844 0.019230769230769230 0.038461538461538464
1 0.796875 0.44350961538461536 0.014423076923076924 0.038461538461538464