1 0.2127403846153846 0.9783653846153846 0.1466346153846154 0.038461538461538464
1 0.21153846153846154 0.8858173076923077 0.15144230769230768 0.10817307692307693
1 0.46875 0.8221153846153846 0.16346153846153846 0.11057692307692307
1 0.8185096153846154 0.8461538461538461 0.15144230769230768 0.10096153846153846
1 0.49278846153846156 0.6887019230769231 0.17548076923076920 0.11298076923076923
1 0.8425480769230769 0.6466346153846154 0.13221153846153846 0.09615384615384616
1 0.6081730769230769 0.4639423076923077 0.18990384615384615 0.11538461538461539
1 0.8894230769230769 0.4014423076923077 0.17548076923076920 0.10817307692307693
1 0.5480769230769231 0.3918269230769231 0.15865384615384615 0.10096153846153846
1 0.7307692307692307 0.22235576923076920 0.17548076923076920 0.10336538461538461
1 0.25961538461538464 0.19230769230769230 0.1658653846153846 0.10817307692307693
1 0.10336538461538461 0.09375 0.12740384615384615 0.07692307692307693
1 0.3425480769230769 0.055288461538461536 0.16105769230769230 0.09134615384615384
1 0.5625 0.14783653846153846 0.17067307692307693 0.10336538461538461
1 0.6286057692307693 0.04326923076923077 0.18028846153846154 0.08653846153846154
1 0.8581730769230769 0.11778846153846154 0.16346153846153846 0.11057692307692307