1 0.7439903846153846 0.7728365384615384 0.16105769230769230 0.11057692307692307
0 0.5456730769230769 0.8317307692307693 0.1201923076923077 0.08413461538461539
0 0.5528846153846154 0.4423076923076923 0.1201923076923077 0.08413461538461539
1 0.6959134615384616 0.5084134615384616 0.15384615384615385 0.11057692307692307
1 0.5757211538461539 0.953125 0.09134615384615384 0.06490384615384616
1 0.6057692307692307 0.1778846153846154 0.15865384615384615 0.09134615384615384
1 0.47596153846153844 0.07572115384615384 0.09615384615384616 0.0625
1 0.5661057692307693 0.25961538461538464 0.10336538461538461 0.05048076923076923
1 0.5192307692307693 0.34975961538461536 0.07932692307692307 0.057692307692307696
1 0.48197115384615385 0.39302884615384615 0.11298076923076923 0.06490384615384616
1 0.48677884615384615 0.5192307692307693 0.0985576923076923 0.0673076923076923
1 0.49038461538461536 0.5685096153846154 0.07451923076923077 0.04326923076923077
1 0.40024038461538464 0.6201923076923077 0.06009615384615385 0.03365384615384615
1 0.3713942307692308 0.7355769230769231 0.055288461538461536 0.04567307692307692
0 0.47596153846153844 0.29927884615384615 0.07692307692307693 0.04326923076923077
1 0.38341346153846156 0.12740384615384615 0.06009615384615385 0.038461538461538464
1 0.37740384615384615 0.38100961538461536 0.06971153846153846 0.04807692307692308
0 0.33533653846153844 0.4831730769230769 0.055288461538461536 0.038461538461538464
1 0.3161057692307690 0.5276442307692307 0.038461538461538464 0.016826923076923076
1 0.31971153846153844 0.6550480769230769 0.036057692307692304 0.021634615384615384
1 0.328125 0.4362980769230769 0.040865384615384616 0.026442307692307692
1 0.27884615384615385 0.2668269230769231 0.03125 0.021634615384615384
1 0.38221153846153844 0.6935096153846154 0.05048076923076923 0.036057692307692304
1 0.43149038461538464 0.5817307692307693 0.06009615384615385 0.03365384615384615
1 0.34134615384615385 0.9254807692307693 0.04326923076923077 0.026442307692307692
1 0.33533653846153844 0.9723557692307693 0.04567307692307690 0.026442307692307692
1 0.36658653846153844 0.7908653846153846 0.036057692307692304 0.021634615384615384
1 0.33052884615384615 0.9507211538461539 0.040865384615384616 0.02403846153846154