0 0.8774038461538461 0.4723557692307690 0.1658653846153846 0.23557692307692307
1 0.5961538461538461 0.671875 0.16105769230769230 0.22115384615384615
1 0.5096153846153846 0.7944711538461539 0.09615384615384616 0.17067307692307693
1 0.38461538461538464 0.8401442307692307 0.15625 0.22355769230769232
1 0.2283653846153846 0.8028846153846154 0.11538461538461539 0.17067307692307693
1 0.34134615384615385 0.484375 0.08413461538461539 0.12980769230769232
1 0.2704326923076923 0.4567307692307690 0.08653846153846154 0.11778846153846154
1 0.4723557692307690 0.3786057692307690 0.06009615384615385 0.09375
1 0.41225961538461536 0.33653846153846156 0.06971153846153846 0.09375
1 0.3605769230769231 0.23317307692307693 0.04807692307692308 0.0673076923076923
1 0.27283653846153844 0.22716346153846154 0.04807692307692308 0.06490384615384616
1 0.4206730769230769 0.21033653846153846 0.04807692307692308 0.06490384615384616
1 0.36658653846153844 0.17067307692307693 0.036057692307692304 0.04807692307692308
1 0.2980769230769231 0.16947115384615385 0.040865384615384616 0.04807692307692308
1 0.20432692307692307 0.17307692307692307 0.038461538461538464 0.04326923076923077
1 0.03245192307692308 0.20072115384615385 0.028846153846153848 0.03125