1 0.31009615384615385 0.6274038461538461 0.2091346153846154 0.15865384615384615
1 0.37740384615384615 0.78125 0.21875 0.17307692307692307
1 0.4483173076923077 0.9399038461538461 0.11298076923076923 0.08173076923076923
1 0.6658653846153846 0.8725961538461539 0.0985576923076923 0.08413461538461539
1 0.6790865384615384 0.9771634615384616 0.07451923076923077 0.040865384615384616
1 0.5925480769230769 0.7115384615384616 0.12740384615384615 0.10576923076923077
1 0.7680288461538461 0.6947115384615384 0.08413461538461539 0.06009615384615385
1 0.5360576923076923 0.5709134615384616 0.125 0.09615384615384616
1 0.5745192307692307 0.3798076923076923 0.13221153846153846 0.09615384615384616
1 0.6334134615384616 0.5384615384615384 0.09134615384615384 0.07692307692307693
1 0.6358173076923077 0.27524038461538464 0.0889423076923077 0.07692307692307693
1 0.5625 0.12139423076923077 0.12980769230769230 0.09615384615384616
1 0.7199519230769231 0.0889423076923077 0.0889423076923077 0.07211538461538461
1 0.8305288461538461 0.3088942307692308 0.08413461538461539 0.07211538461538461
1 0.8557692307692307 0.4338942307692308 0.08653846153846154 0.06971153846153846
1 0.78125 0.5420673076923077 0.06009615384615385 0.040865384615384616
1 0.7331730769230769 0.5853365384615384 0.0673076923076923 0.04567307692307692
1 0.9014423076923077 0.2247596153846154 0.0889423076923077 0.07451923076923077