1 0.5757211538461539 0.46033653846153844 0.052884615384615384 0.040865384615384616
1 0.4987980769230769 0.21875 0.04567307692307690 0.040865384615384616
0 0.4831730769230769 0.125 0.05048076923076923 0.040865384615384616
0 0.5396634615384616 0.2800480769230769 0.04567307692307690 0.040865384615384616
0 0.5793269230769231 0.3389423076923077 0.040865384615384616 0.036057692307692304
0 0.5877403846153846 0.5252403846153846 0.052884615384615384 0.036057692307692304
0 0.6033653846153846 0.6274038461538461 0.05048076923076923 0.040865384615384616
0 0.6105769230769231 0.5516826923076923 0.040865384615384616 0.036057692307692304
0 0.6189903846153846 0.7944711538461539 0.052884615384615384 0.04567307692307692
0 0.6129807692307693 0.7115384615384616 0.052884615384615384 0.036057692307692304
0 0.46153846153846156 0.7548076923076923 0.05048076923076923 0.036057692307692304
0 0.5637019230769231 0.3798076923076923 0.052884615384615384 0.040865384615384616
1 0.5913461538461539 0.9254807692307693 0.03125 0.021634615384615384
0 0.5192307692307693 0.15625 0.028846153846153848 0.026442307692307692