1 0.6923076923076923 0.9543269230769231 0.08653846153846154 0.0625
1 0.5456730769230769 0.9483173076923077 0.08653846153846154 0.0673076923076923
1 0.6334134615384616 0.8425480769230769 0.15625 0.0889423076923077
1 0.6117788461538461 0.75 0.08173076923076923 0.052884615384615384
1 0.8197115384615384 0.4879807692307690 0.12259615384615384 0.07451923076923077
1 0.6694711538461539 0.171875 0.17067307692307693 0.10817307692307693
1 0.5432692307692307 0.09014423076923077 0.08173076923076923 0.05048076923076923
1 0.5492788461538461 0.29447115384615385 0.0625 0.052884615384615384
1 0.5625 0.23918269230769230 0.057692307692307696 0.03365384615384615
1 0.703125 0.7439903846153846 0.07211538461538461 0.052884615384615384
1 0.6237980769230769 0.06850961538461539 0.057692307692307696 0.038461538461538464
1 0.515625 0.055288461538461536 0.0625 0.028846153846153848
1 0.7475961538461539 0.4387019230769231 0.09134615384615384 0.036057692307692304