1 0.9338942307692307 0.359375 0.05048076923076923 0.07932692307692307
1 0.8737980769230769 0.31971153846153844 0.04567307692307690 0.06490384615384616
1 0.8269230769230769 0.28125 0.03365384615384615 0.05048076923076923
1 0.75 0.34975961538461536 0.055288461538461536 0.07692307692307693
1 0.6009615384615384 0.32211538461538464 0.055288461538461536 0.07692307692307693
1 0.5204326923076923 0.24639423076923078 0.09375 0.13701923076923078
1 0.42427884615384615 0.2283653846153846 0.052884615384615384 0.09134615384615384
1 0.3245192307692308 0.30288461538461536 0.03365384615384615 0.04567307692307692
1 0.2644230769230769 0.2512019230769231 0.05048076923076923 0.07932692307692307
1 0.16706730769230768 0.2932692307692308 0.040865384615384616 0.0625
1 0.08533653846153846 0.25721153846153844 0.040865384615384616 0.06490384615384616
1 0.054086538461538464 0.24158653846153846 0.02403846153846154 0.05048076923076923
1 0.7475961538461539 0.25961538461538464 0.03365384615384615 0.040865384615384616